-305311751
-622644117
199902901
-71216576
-87218214
-881733398
433696729
-844907123
-228363713
804667363
-228329015
-509972028
681537120
-551799735
-431598616
-648879502
55014690
-546160218
831539025
593843806
814883486
-574579057
-504042586
-888678263
-937004654
-175153584
132430606
162283484
-643597572
-921205326
742042149
-55670689
579250020
-183244799
-893908438
886770879
-712966411
-661919618
-301548467
-926506129
110848395
987732647
992437377
-456762478
-1033906876
92827295
-726514655
-901837937
-933730117
414097173
-887026961
-525527163
471194533
136124584
352021533
-438521621
-355615260
620658725
573541353
15516714
73519990
-923746011
-1030110843
958042972
787501887
1066111051
53808614
-487443837
-261465195
-332872668
-1060076608
-267454395
424008575
290582815
516905063
738940539
457537035
-1007162125
119740768
125697309
713565838
-241746045
-633276306
124281361
315026458
-691132416
930056818
-72294911
146591500
-531385517
666884119
-91973464
-635582877
-236981037
-397604529
278527964
774237022
-695379362
768227344
-835646960
-301127479
591282050
-261579305
-604835709
-676906820
-443205837
497526754
243588836
-841148483
321113781
521572744
-1028383397
-631708948
686483323
942176311
885460303
-1038318891
45341005
-299540611
-685043658
383853794
661994439
-1012968780
725159725
242454848
692409126
10821019
973789627
-318628152
665301988
929063962
526843152
-388275052
90744992
307130754
-98174968
-46950745
635529626
-848615886
-682006840
-681035206
260002312
-398146899
-830365813
877275064
-968085499
23847459
828935768
719075039
351612743
-336367467
919875602
76902315
-947693217
700237903
-215833491
-166871813
709017640
756243515
756376645
569498079
-996144240
683798428
107330356
-570594645
-565249608
703702972
-692365514
-908226686
413323971
981549840
3936582
-624796661
-1034716369
1025574964
271631281
-1048373537
790714542
-58790769
-473778650
-761340830
379609614
406507283
-1000022482
393010692
264164738
250235689
752232706
729198367
603887377
-762345035
-848398374
-116234983
477610483
-390702544
-260258460
635285993
-662479752
-563420928
-181124977
-535424779
448895348
-271435304
511556735
258965548
-92954187
-338819989
-612575967
-379626766
-1073140170
-916971854
259316460
-864833146
-507862231
-391122565
632504515
-494511993
56147583
-76937638
-71216506
-480219423
-75801975
-504812909
945555472
-101554201
-390299290
923822504
-590920786
5347661
265824144
-443624658
744312691
251044539
-353323377
-496883316
-513582855
22055777
349079395
769203103
50681446
789572414
894021522
372524620
-423351511
-823283721
7759202
767871481
256384425
4071380
379788761
-573714777
-778515100
638838603
427272752
8381711
-126423377
377180137
540128301
-381112272
-1064244230
-244396547
-863183101
-970814066
-94503480
1013486241
-370154702
118473653
133187427
-1028614721
805927051
619033903
-18602585
508695177
-490341478
-335612780
-123269899
350492043
337355862
-772774435
931116499
-183572739
362203956
-750125343
832313014
680572920
-594052706
246784783
-195788632
783143227
1313771
318130360
323961087
-675424801
375174851
574223300
248911369
29702422
876675515
785879595
369607130
-310786880
112632715
901072568
638287480
-755759390
662271965
708686715
559568622
-471606279
-942283205
598593700
-941123906
-1048918647
736318133
701489778
300830253
-202014783
-507840571
244420649
-1041449217
584092513
428792385
-839957944
724957645
98919958
841262738
1035505713
-616112162
-207254007
-101597858
-852390788
77195773
841931052
-357243949
202522783
-692015212
-301210497
1005786199
80259440
-618246988
-471838361
695259980
46556529
-364475433
705056617
610066281
670125304
689813095
227236175
-677550116
-692022989
-488579022
618916898
-826028142
253396643
-348409274
563138280
-809309325
874305878
-674150010
-365494876
-515519848
-200026932
429214849
-1073083565
-202461174
924598026
367425550
961797444
1029368004
387791753
598841494
957569818
160143681
-626076494
-361818050
685162231
139809641
-478343467
108506199
293090108
-398328951
-358101534
541916025
708220348
-843797207
29398138
846906090
-179064773
-416854044
-748959380
68149315
726746515
-598016112
57921089
22189270
-998583406
206748080
-146357295
742450621
-473476104
91576118
133072454
974345949
-187072624
-443781970
-943553377
-542976675
667032911
266031732
-565543437
936289041
-179740080
414468201
437560720
63462163
-1065530729
-1005340049
315629926
-94720813
-514461967
456870682
329873197
1029167112
-999271249
-819423476
-460951017
821177409
-765893048
-188564546
-616022952
-108729922
-853287476
-357734040
-871098
-408218925
519523436
-381428257
658824780
2703687
443752402
-919066231
610642753
748712591
-660058210
-954510405
-1062667431
497391962
-836530522
586692200
-510196596
387188049
934886115
-225890393
-700720048
788407677
-423448750
1002548777
-941364210
718100340
-941540568
440968242
756163916
-201471213
-25576283
267522815
-711589337
-549723181
-640525263
750854056
-504836776
703706044
-901832279
860645819
-171500435
529382395
-570705711
-1017066710
-962149893
316548301
60082488
-436603981
-834667665
196006669
-380120111
-112819371
-487546860
344051283
-1031730594
115828042
-957614518
923977377
-547624471
441895991
-481666212
-51817006
-904355671
1072919721
-222520115
-372237170
448109121
-107489160
-684712512
-182973429
-540970917
921501032
-920662006
-601764233
205420188
722265135
-455197951
-609763251
789148399
519474149
599138636
462013897
891874766
-628610565
916407461
-714178613
