8390610563276176
-897141284
-290193078
3517530436147984
143433724687055408
229642532711343680
1010500443047453184
-988817580
949258071788940032
8151730089972624
-1016958019
-224063018
-978347506
1038707592855342592
48811481071572024
35712433143702224
-837562511
-190765539
170950551937636
-769277048
-635569416
71178372519733504
-594942639
-68780204
-440290436
579074179660362112
521839771820417984
-960776105
-430592538
-937189954
376679872263555200
-258609454
-932236836
376702082705008448
-481128457
-665354662
353306689220237056
1024991292036383360
419226039489242240
31030160902132400
654096650386731520
-826167154
21222919671659688
-915186763
385750162135948992
29882268120333456
-1017500685
65122947166704360
509602321622752192
92232256541569600
56457201450846560
790342729087352832
-409252002
321672720632112128
-612361385
-792066390
49473373520027664
52833794987072960
277222675417243616
-380429390
127780162411374144
-54411864
-211784250
-933152680
-567756507
-1047122685
87179264213299808
1058455104684649
-349710753
-441784775
553281634796689280
-593804978
705996655009517056
831169119849952896
-525609550
-29037692
-180430271
414700664472679232
-250016350
-647070452
316920219052968960
359056377561249408
-956750389
-877994711
1035115591488565632
132534653794760464
-564291596
-755880393
-539325899
-551792934
-186836769
-998782882
41161845229327680
729516592770979200
-55990969
-464841370
150312681070818432
-901373249
301535300357289984
-48681908
-763215454
-289900299
465004116217882624
790837267909960448
82490653673507040
-1014506961
742736047934035968
6654193647244081
-150949880
103832538953602624
58367681129897760
-1044878911
524718845080041600
937748300713402496
-485360395
-226871332
-428004050
-741240165
-325174262
-97440751
381915435804011072
339106306049065792
-336154433
-774404269
269573958711034880
1492928195588041
238058167559378400
377883507346734592
-1051891786
720693520606889984
102910171138007104
37936385188022504
834758348976929920
108230807161971088
-240436415
150552335907390560
486780194012537088
-768021442
385320840374824576
-375499401
772477964649449600
-487394957
-316641580
761420561085352320
-396076185
350884270687941888
934538349447966208
84666022310341696
70981247965455848
-651857736
-427802099
-578513227
71018932646738176
36953665465823040
16318578219876
3241119062903929
-580569002
-918462233
-332079122
-633653826
262897641686702496
-1014751263
7853426769071844
-328355009
151301559182450112
182889691114417856
430798874673522432
8781593524964649
36978838865575928
925227957030167040
611114879130256896
-892281204
-836193268
-395597565
-785683332
179937320685757632
1043431507162442240
-779579817
76997674378764304
-823295691
866026043850671232
904728824185764992
-974741644
-870760471
-622057508
208340997331699616
1114117131586235904
213210303090928160
665796405589491328
-951005688
-324945100
-339058587
-150964626
-146251242
7082065876410121
51294867724592208
969502959965295360
-989499540
-859999975
727729134654413056
-827204288
-946053954
-939685063
-765628438
-244055140
946844702964897024
-422216481
-452495237
202666284822586720
158502912068074560
460267978608636672
-64372811
659783769681021056
-783712356
-104188469
-803126436
-627422159
553386315832561216
552488588320569152
986254361105353216
462178173890418112
-999157226
1306624260918564
-898860246
-347104782
-502112291
691834746960813696
632017738490857472
-969526594
-1026009720
763032012182225280
77465876066647936
117175535004410880
542050506749750464
-744138585
199807177138157536
184313192100997120
251683145482023680
256526723983916928
337338749480542208
51730709906587320
389520800179480256
-648757155
36722496117273312
181569853967480448
155538939014368000
-959396786
51904115801263504
-16337478
-1046988662
231191514145021376
-713193626
36889132090000968
-1056599807
-27524648
-909973722
339814202883479104
-97121948
-663297819
1016004192208130944
-1055254469
-689327068
-37670843
86917320569614096
-8965947
539943293594322240
-997238114
-262044673
-45865445
-49395177
-985342123
-609310748
-594742140
-107342368
291021187194729600
888744713622526080
-705085827
-541942878
-175196351
42715697718684168
864641263593261440
400887156024876032
549330780968338560
-84811167
78276122092804800
-911213544
-249743489
-561440705
-700253970
81839659720437120
1074669870790099584
402403609350644864
902384103721
-485817183
9825968039292440
9235772001349776
201220746265086016
-756825629
549836203635529280
-296728308
388570231756744320
-588593486
197761680524097376
-239943210
20519552026939728
11159200065523224
26604765099947584
-889611400
363846654588032768
-443329602
1110517543631365504
176442363743184896
682674986577556352
832128523903044
40893442444855440
1044028702513489
116675639388985600
28490491477882756
793181368156933760
1080565293659885440
16748618824767024
1026296463669919744
-1066491031
85839907864746256
281509803035100672
-718825789
-21712747
150968555954038720
-404687872
-278162881
34592391694090000
-659070036
-501765778
-1017723885
67266610548989472
-422838348
266297590192009408
18843888059933764
-430419661
1114517782922660992
-354078154
-678263565
1397769150336001
324531566449311872
216455320000808096
-926655712
449013359095637312
-18308647
184456275193680352
-886016353
-1058248040
-853557565
-415524252
-472487722
171023662878305344
307580170594395648
-129758513
-579206607
269665511691744960
-522534417
565468115129299584
95845101869137200
71663113853508240
-660154739
-754942572
281748178204189216
25931275394120464
468657315025276032
5898662561168001
594888538679271680
-925963204
101281249119616800
-746278377
-189589718
245886729625908896
285831624562566304
-1056650337
830051520457286656
-547984117
36768467860617248
255576506354154016
-297483977
17705262986265624
315541937683052800
514073894354965184
36110446195590144
-867766101
50544886719610000
-947109235
-405989818
-1035300405
-506156563
27004135928739904
-465944182
-383022591
684511073770200320
-318165938
-15904968
4334643692436121
498066027252160768
884113607894200320
201488705475754496
130367778967096224
159254598988599936
213185361170320000
-680161647
578342790572767488
549870579065977728
-502390278
-824644236
-873124370
-851434514
49020739937813288
12584320092180736
52936239484397824
-59386059
935761551413640704
-26238123
103711992705119296
270972260856001600
-1044266973
-1038437906
-931518628
505241336977316416
33018158863910024
10137992391009604
70038056310055680
-220108138
1031812557538371968
-214842187
-416573245
25182554820374884
233131696037985440
524676840875023232
279220158011159680
-48309691
2968162471914025
572105329576343808
-549957617
403384173375353024
1022116454549053440
-276289874
108676765239974464
-127264774
-87663242
-727488062
738901648848580992
-302850915
324491079648204224
216758219189521
-189304530
-722435631
740688774497604
-736547666
306833103930182016
-274808087
2507147801816329
-663650554
504328076372038784
-46547140
-118774950
-618658015
-592540230
-12775270
-157606557
-998280534
-124274582
3556381052430801
-821429059
749736855659359360
-279829790
-780958912
328120304171886784
-308563970
424547779607502720
5595015764826244
588936725613736960
7070948484900624
66526904253753800
51223312974811040
626539844340204544
385913058385380096
105563406531921536
-534027986
52298983459884104
-97655551
-220249867
27213423180957224
-959324379
937596225671616640
1008114520911177984
566161684263488576
355842224756265600
17468842815062500
-341380792
411580669629163008
-78321253
-545749173
-416813757
-505315698
-454092959
-235772456
-802970690
-898446580
30381680132055396
470216430448424128
591530303388816
80785661716850592
-1001761032
-123576621
536378136898884928
142248550717224480
-361799351
1872967453506436
-101317737
-464892507
104930644900
283710054720782400
81909090858755456
18497191107175640
14559249466741226
-588733484
-106622301
119160140337640000
762885649193028480
683307083623944704
-6967661
-699074112
-357356510
404681116254615232
1115688690160908928
-803712203
658191077926016640
-606836679
536676568404351360
137969590237056400
-984052211
118702057162659200
505356384197387520
-807228897
793828109338961792
-607935536
300382648628780032
-542897362
-140955347
-441774005
58159399156434800
-941788597
270555435771118112
-1043585447
117931237948225
131159670033672896
-433259121
422679932653176000
527975505405792896
575630340840394240
-1052467566
-215530229
-573710706
16237045505211556
-1041007017
-652474946
248016190193793120
691561119667168512
737293451055780096
763469888711169536
-381717145
-106245047
982236924182496896
-904946063
-561408411
626182145021024640
192669279612505920
