475938131480697664
473800244255609024
173260811602749024
-300148384
370828179656783424
-722205627
122948329654092992
436044434332329
-622905408
-700268127
853709451120864128
30187977614746884
260672017012403040
-412522076
448912511667179584
444086049169569856
768975166106868736
1134776270497606016
149292819558804096
242860098412607648
891136887360220928
854876622264916736
-978308546
272142752316073024
427154595848563776
223202551714307936
132658906555479616
-342658053
-472599245
-589780126
-109836446
-904874801
-7563746
114899242653896464
1082896519503459584
-553475893
-782886225
6843131619844
-545726492
-32848691
524476769564643840
58274027109219320
-514592586
178386961005745632
71824810970289168
-71979104
-173865998
-77996526
285997993167991200
209103437248993856
759497483375774720
640986775268551040
254701743930504640
-673883693
86239491084003328
970282449990422272
724008586364337536
-33387245
-684613107
880509543012089984
-956576244
627134332541878272
727837418910122112
233136915536596384
-340171992
-1002323751
1062908935137562496
14764578274795560
-297641499
-227508674
-507622956
664586891349116160
-418578976
216398044367905024
-117979564
-713752910
-40655715
163927693745782208
246251296137956768
459018999283529280
304368112296748928
-810811164
-13335625
60954332873611968
-318325453
410666257169630784
-219441004
-207326079
1032290930375496064
508915684208826752
-234449320
-825511053
-533283778
335545716860649
-245243077
-189470537
-633084038
52448717583922496
496374757252451840
-256509708
-190052436
400084861016528704
277730666376499552
938475653702500
-839853759
893093041296000000
-974969132
-513605286
331902222818955392
553593679358492672
1115343382696883328
990827962575275904
-740080638
405169025258516544
-647518018
-570594493
-519189688
-100068507
96079438799917232
-724721373
-820389795
-763761299
505820658372068608
-909866829
-36832375
500543708933552768
621315153013179008
-1002060658
1052036363622921088
265920683966650432
-751477333
-518853493
389786285916036
339540522994319360
-667434519
-297837319
579038512059531648
-1025658363
17207340789976516
407135796786931968
306331910095198464
915485096711501312
-63888496
-854476503
-181372267
553955577927450240
544116338308171584
-506364472
-42170608
-337416878
-313463173
595726454661579648
4753651026119076
-991134045
1120861223300216832
-262666741
316153128393901760
-780184313
32005628985171240
-99437521
272680818044103136
-288954864
-221665104
-823801080
-493571364
-827705238
-444528024
-222392010
-300918101
1654298135148096
-538958641
993758250375577600
-717303429
-360173488
671422607120131328
500069787953640128
335345275585381696
475044668805234624
-45016692
1704738250402576
-42615506
-383729520
-268180125
4103682318800100
199651451946645184
-637861361
889136337700628608
-276253036
539017632291952832
820519664343414016
48902302523822504
379169774155816896
595494917947981568
-819675374
279624255668829600
-354853021
424773399893294912
7697209309855081
-611626900
2171645558442724
161588221081179872
-740395748
-970035756
-65891428
-953482377
224507089626447680
-638786384
75452277734208400
-458507104
-278079889
-642396489
21757641832259524
-859058804
-1037736032
24858425341471400
-224583386
-668671192
-995211590
449783729011680640
1006991359245347328
-706597178
-357264354
-712330498
237876669609588352
172636654281722944
-624394072
282050707902167296
57643845780803584
11590571815992324
231098770616202240
277600203487772928
-538749165
-37010281
1081095931222732160
340008166315204864
48141886405808832
358947212822541248
540343338539928000
-22608972
274984522856370880
5761672256262400
46225573191776888
393956911153097152
201394102612921
-744095912
-360716526
-1036545398
63559630594005320
-925902011
751432107956644
-1039938342
202828086482258464
-887193065
885802361832147584
181424471290314240
1010819498129088000
-772320835
-217844911
-51612366
-324544498
428530133085736896
-860146941
-135487471
-775264720
240902558513296
212295465829813056
-205536952
-758139680
27396997188466688
-973329612
-45380835
57752959332950112
-12010224
550945262546710656
-100773883
-858187831
-715918660
472542492095576640
-808345794
587406002228795520
-876927445
453657407285656832
-1034237660
1061913351088144
-229039685
-928692752
-580356715
1130626624934118400
791085619947263488
-817771136
415900813229068160
-219698348
-282503493
-241790981
695144962127517440
-276190931
-289433515
-1050843436
207957191771911680
1179435879383056
299423598120623360
-854577722
-690393804
469219654275225600
-228946801
16466679918243844
-767910287
-566581328
374694149661230272
632118789629230208
-753303140
-629932457
-815596541
931131198572251648
-13886199
-442126672
-735382137
-305049401
-536216741
-151253920
-140010137
-669011973
305638984984602560
-956002515
892235613790911104
-727663285
-503459261
744812438875377920
263259813963135040
426094064032616128
234281613012078688
-733644324
84454351115854864
-533832038
72267967757388480
-1000568171
93231405387065120
6715774309229584
54778733119044896
-376843139
591381360219244672
486223184306267136
92859367293722496
-878534200
-414808560
-893617603
1133520075302323968
-559386437
119402004943586304
-535446538
-208545069
-313704508
6559663481856
-946174041
350973323857760256
49126184640275624
-356299470
-799994440
974980703551761
342184716915493760
109088170655880256
-65572493
226580634359697408
5107274953970401
130750228791068128
-431430148
614054226658318848
-843650252
-700263754
650066522052486784
-933985218
1152077384564347648
82103123997926336
783476769099657344
-876637296
810342293554360448
-451998453
478226379385783040
16278941182814116
20500019863758400
568979104559105280
-389119595
294218679655072640
37446792743780648
363766315591984896
-760885173
-862145258
678587448963998080
-561873756
-727309100
610627837483225
-897502016
35426251173327876
112420786287152288
-830049369
-166687393
765648072173817856
-176305236
507827488162704640
-8205784
-124742050
448238080506199104
411772955579781376
332684947199979520
1325970365343376
1029910191352908160
122972081043105008
151047803461418720
129090446644728096
229261148724699520
900738042710984448
25981071018856704
-940252381
-74367414
660340027538443392
123703825298078112
-358108506
146264182614340032
505829885661758592
73655217257132816
722957777089100672
-529245309
-191661250
-990056827
121842566653726112
901717572955843456
309243734384765632
-884438166
-862738809
935532236347555712
366939997158764160
-131544350
-325792978
119366611221730752
-219245926
-990698210
276574159993144224
215015911250478720
69859396022736960
-138045069
-495225060
-431789144
632514962791296640
983882474356066944
-6593010
871876156255261952
482192393267753536
643254156453750400
-404746563
-497381890
-617579255
-87525230
-650067813
168782974128866592
-177611221
1102641420634810240
75087677238030864
130461541958716816
196783903740609120
224350349263075040
-4463547
-819958371
-833149183
153523588682064768
-427207317
-895517511
-704272992
1100309415813671680
-227510316
822412230176864128
70059372604410720
-503724481
518277890871548800
802853155757898752
254986218484483200
246926849749518400
91705851428467600
-192868254
-910813254
-629710278
12423189823284496
-750417997
605583909460998400
317763340553920128
-968770905
214623946143956640
-770643357
-808284637
-88920507
-617170862
300401379821078656
-173382755
672160692816148608
15231459195976804
641157591771956224
318259187251911808
-274847142
605478193481292800
-830435703
63287393957279880
-1057545402
-362237332
-436793664
-1072338106
-337439079
102920484992699536
-486289049
45794770792248384
38738401725940224
-840643658
-821686605
317078449890673664
1110759549748608384
486009594998605440
472172889265140608
2992485603475456
-823590635
66184586640377104
-458093956
-983526821
92696663103245296
-584768401
-658521826
847813702457856000
383666282852160128
1132001529410915968
207654016800634208
1038738082570330112
-16205025
212538132949290720
463801529919479040
-784852658
-435721958
-171791257
946772450786539648
-112213592
-670483276
-863461626
1103902115705521408
-398909216
7320101719953649
-33151433
27818419076794116
20844852977336088
-679272500
-830165360
110788566641197232
46073766909072048
769183017132393600
910748686330108544
517440370592891520
452572037130215040
409847049080508480
1066546128394788864
-889396551
-102635134
-728351376
42384399099830088
552765444175972736
-893776169
-439993859
-233456398
-1022778750
788919677614365056
-733595680
333536269125480128
-753420032
101305665875960096
-263432300
848950215029883136
172666257955439616
-98893638
279126687485092224
160185283209382368
-170906418
31643565256822688
-903898137
-200982049
476546762459032256
2282370554802244
-338712048
146651469166902016
1122718346299393920
462003702067765760
-509071088
-953220349
-367523112
93560887173526560
133988529126558096
83139342590289968
42006160838656
669033458643069056
-349443083
30122525500013240
618920758708128896
96042811030800512
-583942969
98803561387194240
-199992507
-152027688
468851406892562496
1014146741775160960
-230408045
-236430205
-383627368
355428610700442240
567686995927803840
-252081561
-1009279883
30445204018062680
501717473145311360
-627675836
20376327445714276
51402061784371984
-825867189
678436451502706560
322994038764666048
606918807455903744
744844581731476480
131712905047271072
-618258965
-1034610820
7946656836624529
-823006989
-342837330
1094733304450831360
