-1028952113
-678996153
-373547512
449366341892501504
145774633458149120
306733208332670016
-260777942
-107634274
7248043314264481
944503653231985280
-704720516
-867321412
647526477304709376
90039793997811856
537661256934577664
629578723992400896
-585261386
311641966651456
591542191815075584
30049357143030016
941849935603537152
769025780563322496
262524645214384928
-177086690
397404153696000000
-299208953
386508271404035264
168919377375896672
41692783448619664
176285378785698592
868879897580151040
3466089237744004
-795421989
1135008536492426496
47423343458532192
354198403038198592
113093800387643088
480726251781439488
927383281344982272
-103424081
497896658903777344
-497321490
344752257583717760
108423133967482496
167275021291421472
784256576846064384
-1006974500
1605314565906129
151579051153423936
368295549384499392
52048471473278280
822338039045330688
117745318327702128
782454883629910400
-500239820
-496997626
-844305815
-876253426
-600647767
-860114978
-111798580
-611943744
-577505616
77114442490486128
387543326986848384
582803697431124480
-922661484
-159962401
-141748558
-861364542
164357103503581216
-847448462
9667301420974096
-891353944
492238660514922816
-797617559
-124063743
298759702177257408
744647156287795200
175458557716485696
37912897684823720
-187070731
14131013135627844
-478446336
-414134436
-285293623
182280570314364384
-447461146
101503618940698272
619528113285570688
921408601312369
531511012549728320
1426603947108921
-282611776
-498355926
-253180061
-265011422
-468899485
-30323521
1070405275417782144
680928107388709760
-261911067
731954329619457024
-626042722
-780644109
-805388701
-690657021
-826623071
-205790496
-741935645
731848040779380608
-981609266
764182736614562560
-437202616
-478481361
1080046209791882112
152662765433005600
-1009415785
42339636467700624
687717838926427392
-19149401
-329675638
-878267709
2198917247752996
-4195152
669442349468317440
328733197262001
-765096824
-781792171
766055191162232576
589844008105676672
-303934211
-305164401
-160530850
-447430186
213482898990916
15521144152525456
-106268544
-424073210
647617814483702528
-68319365
-97671727
-106091975
-376335317
-892521686
-722365083
-408632852
-902756682
-427908475
774958274020316672
10298245199272900
-427877535
221930313413608800
774314897538206080
-968590186
164037629763110464
-565316587
-106964734
727043596472305280
5556206978520961
223682735423992448
-118512763
-825780519
-220985750
27170504038309284
-349807655
793378265149958528
19390171766468408
-711708781
-162485259
-231741067
736065082787061376
301121157336755648
-90784920
34877845742868768
-523156839
703129656235079808
-979289530
121665733068271712
1013399605113090048
-519825612
888352744133362176
305297666804750400
68710095970975448
-131814612
-262608684
-1063634715
89354086478128528
417062876162834944
-521431513
-301319219
-658631987
-504692716
473299856197254720
37942340790291848
569557832296826944
-127914595
271453632312967136
-401778837
-724469355
999259980957726080
-491142807
-269780813
960340975506913280
534729124803069504
118996703090721
4767191311522500
-169092632
-457936901
-356933561
-203682121
933743733498522240
-255310189
-76556718
1042647489096445440
25257371127759684
-842411014
-566602222
345049616412196096
-514409166
-38044797
12913944142295296
-657042392
-780026805
194545640094251520
315752604056779776
64126033562966592
-537040775
808413778534935552
-1040167824
30952279390894800
-310318697
-556269568
344786826677073152
672738326987725440
783028013157467392
-46639236
21324617790840100
-743835050
-292748096
-693199930
574578004893340672
299292276697645440
5143210473792400
1907999708590336
-3517830
547538467768646912
-930560216
-39290606
235720647582661280
-164803353
-439331769
-784312845
71512323613365920
-39881614
1059935686029968384
-58619052
-678092890
-396512719
-420665284
-379502602
310309064216827200
356644735761154816
851255800852021504
942584679249208064
195501872624347968
176500383357143168
-356645032
360501804744900608
221999673408938560
249047486015416928
-364389614
-427119152
-628102333
577119831514513152
-868576135
-1030282741
-44264087
164978483185088352
756253080003136
-813612717
-119735720
183276263590588448
120245589579025
-533636507
473723428198078848
-757031855
851122025842436992
-201683122
-256509549
111177752211558400
-747765631
-660141639
81661215150990224
-342964508
60784060304823696
384780641503313472
-1024668437
-104011549
103604622234204960
709979874591211264
-763583175
-985362933
887372295271386368
915309354485232128
-485635544
445642381687185216
-140985797
-816008987
758124914038208768
617812457377600000
-816861215
-72279244
-1068297432
-670425256
-268695708
227645792215718464
-624442884
517355125916796736
-721986457
-362877510
145776555468055520
-191395355
-306371170
376967518305961664
16152939486466224
-157089434
504894530185438848
-832795176
279942071400452480
-20293069
-74798069
89582993961297488
69018677847111720
554975918995109504
94338000653226720
122843281457823488
-264527462
-653377530
729026512484284032
78527158638558528
772969227081289216
-957743455
-386383639
294843260517931200
-501878622
-347564454
186405965445249
273595361218506720
-933397372
930287850336718848
3964194681346201
1071903775621523840
-995522174
-94844633
1049499253121701248
-121980827
-75029448
788864108528329728
-727273670
718451376395542272
-842143022
15002014493909522
449657619053392192
-731852637
302925169491049920
889294543711125888
-671972830
-879734127
19812253225072036
134182401432523920
481951698183762944
730894216499955200
-1002759117
-835592174
-1024019633
47361388387451520
-501027309
-848997723
-792205713
-1024309364
2519500077722884
361078515767444288
29581840063425840
-725241171
-820530099
498896544002035904
584703797667614336
927842110963745792
-609075070
342497911257370496
-704584081
202154594216066688
1137493177621695488
743652982910223616
256320179594455840
-923185466
400298645525961728
1151730706145357568
-217829659
-967699771
-957199419
-987016194
492884338750013952
653486954933159936
-641008879
-193341747
96050476441932768
-34628533
-381002686
25197713276991376
-983322725
28718482142270088
-949632398
-131652759
-761885157
742653006873127040
1403274225931204
761741868436392960
-883061506
562079705039502016
-635353350
334076511473964480
964942438990336512
60765016747494544
-661701966
66730380195262080
-520386299
-545433612
124463448384338176
-308125144
570375339083328512
38728681359681600
-523311637
-723278744
-82225670
44574581837986488
537324328248713600
-476414927
71731080704068568
77831761468134256
-67443210
655866985312534784
700190004103450624
-406437894
773407013242526848
-799213726
-478081829
-656400286
577850059458605056
1143947324743591808
-309079235
115405573260025760
486504676036201
210170907554216064
-519303723
-878714277
-324704856
619087249847234560
-473787221
-303600498
-483008541
-253095744
-1064178673
-158678114
-177376164
-874698105
1040683434461267072
-523545173
-98015032
-627823704
-864352118
181825279159160032
-895131120
-496521671
-98337355
-791463611
706040786578078208
367351088415502528
-1005131758
154543797495706912
1060417213598203264
-107294465
-340257942
-619753919
-875174898
205415825749563520
313954381820240320
107091530355986928
-605531538
-206622425
471673007130149760
485485654185216064
-467628208
116924538580943808
73264612409501952
-129403185
194283989068730624
-1026510263
333716533561741248
-397800999
260208714797591168
352180993967385664
-671628984
-411467672
303632314137412224
-284389474
1090772068103314944
-331528706
1108734804755223424
794360011464625280
-978742482
-819304043
5343608391800121
410487444647229504
493566798927092864
-91597305
-148891497
13469939152044488
28179290408135688
82235765955019680
750101948884084608
944456936702418048
-31993517
157930292905758016
-703155601
3864414616621056
50895675840490000
-482568342
1120939941690118144
-903156902
-170863381
295932802376637696
-318017529
-458898503
-493703615
-1043744677
-108719042
838624987597619456
51646198109484000
-976071790
-342678693
203134939334764096
342080178684459264
-267766120
560118179577856
-303727808
4242969205534084
-586246424
-329337936
-1008086471
570793889878486720
237805423051044672
946871456450532864
832208289190831104
-899521045
-247605881
8386589243492329
307390590145267200
-431965499
503815951984803840
497804383878241472
64625579926690688
-458045456
-936656692
307086023980764928
296095856397666624
208192701384955456
271828065831454208
-1060305127
456582606732789184
246349240259042592
-767599467
39234785141175624
-702447247
-823660295
46920316223338440
629400517560952192
928462853164179584
784802222496047104
-427762701
-570237983
-221964091
-413434604
87258647345688016
447289075421847168
-764074231
-271076390
279917526139050272
-167312875
663942958446302464
113386639661872928
1138816682203145728
-1002406310
-574061962
252242345690275584
156247740939422496
59261867528136024
-788034120
-1000097757
964128476035994496
963114686961460480
-175803506
4109128839585169
-562402985
-1050627164
29268535769445024
39568292350346808
-713119860
681483040905459328
-598045451
592128754092944768
-368314392
989533650379363584
133887800190698768
52384904513190144
-1040414297
145854751617422496
364364918906419712
515374481598848640
-821945939
37191716480371600
-161281586
-578152341
274180911034282656
469610846628422720
-814371962
998150757715652352
-772827562
737406892718968064
336626515358267136
608269210389816320
1450082363522809
-1004407439
110093595792602496
-11576831
29657040106718024
224707710770835616
699277826584415616
217059305514345120
-688171338
-196849149
-1062970306
-104156321
-240995687
-544796429
-471997182
643156764671243648
489714200886205568
257310743493028096
-426847775
-450559716
-529618336
47054494643430400
-87588620
-287977413
-302986989
-185724977
290979401829104384
-735807184
-888972703
-159308722
576589841170787200
1029609236727604096
344047991579817856
135351859529880896
-755154110
-121470552
-698822365
15826328636691170
344832162411981440
-892224173
109060450937748320
-357104848
113346857908403008
21045549778872336
-465368194
-707295937
-866751187
