689882694
688331493
416246095
-300148384
608956632
-722205627
350639886
20881677
-622905408
-700268127
923963988
173746878
510560493
-412522076
670009337
666397816
876912291
1065258781
386384290
492808379
944000470
924595383
-978308546
521673032
653570651
472443173
364223704
-342658053
-472599245
-589780126
-109836446
-904874801
-7563746
338967908
1040623140
-553475893
-782886225
2615938
-545726492
-32848691
724207684
241400139
-514592586
422358806
268001513
-71979104
-173865998
-77996526
534787802
457278293
871491528
800616497
504679843
-673883693
293665611
985029162
850886941
-33387245
-684613107
938354700
-956576244
791918135
853133881
482842537
-340171992
-1002323751
1030974750
121509581
-297641499
-227508674
-507622956
815221989
-418578976
465186032
-117979564
-713752910
-40655715
404879851
496237137
677509409
551695670
-810811164
-13335625
246889313
-318325453
640832472
-219441004
-207326079
1016017190
713383266
-234449320
-825511053
-533283778
18317907
-245243077
-189470537
-633084038
229016850
704538684
-256509708
-190052436
632522617
527001581
30634550
-839853759
945036000
-974969132
-513605286
576109558
744038762
1056098188
995403417
-740080638
636528888
-647518018
-570594493
-519189688
-100068507
309966835
-724721373
-820389795
-763761299
711210699
-909866829
-36832375
707491137
788235468
-1002060658
1025688239
515674979
-751477333
-518853493
19743006
582701058
-667434519
-297837319
760945801
-1025658363
131176754
638071937
553472592
956809854
-63888496
-854476503
-181372267
744281921
737642419
-506364472
-42170608
-337416878
-313463173
771833178
68946726
-991134045
1058707336
-262666741
562274958
-780184313
178901171
-99437521
522188489
-288954864
-221665104
-823801080
-493571364
-827705238
-444528024
-222392010
-300918101
40673064
-538958641
996874240
-717303429
-360173488
819403812
707156127
579090041
689234843
-45016692
41288476
-42615506
-383729520
-268180125
64059990
446823737
-637861361
942940262
-276253036
734178202
905825405
221138650
615767630
771683172
-819675374
528795098
-354853021
651746423
87733741
-611626900
46600918
401980374
-740395748
-970035756
-65891428
-953482377
473821791
-638786384
274685780
-458507104
-278079889
-642396489
147504718
-859058804
-1037736032
157665549
-224583386
-668671192
-995211590
670659175
1003489591
-706597178
-357264354
-712330498
487726019
415495673
-624394072
531084464
240091328
107659518
480727335
526877788
-538749165
-37010281
1039757631
583102192
219412594
599122035
735080498
-22608972
524389667
75905680
215001333
627659869
14191339
-744095912
-360716526
-1036545398
252110354
-925902011
27412262
-1039938342
450364393
-887193065
941170740
425939516
1005395195
-772320835
-217844911
-51612366
-324544498
654622130
-860146941
-135487471
-775264720
15521036
460755321
-205536952
-758139680
165520383
-973329612
-45380835
240318454
-12010224
742256871
-100773883
-858187831
-715918660
687417262
-808345794
766424166
-876927445
673540947
-1034237660
32587012
-229039685
-928692752
-580356715
1063309280
889429941
-817771136
644903724
-219698348
-282503493
-241790981
833753538
-276190931
-289433515
-1050843436
456023236
34342916
547196124
-854577722
-690393804
684996098
-228946801
128322562
-767910287
-566581328
612122659
795058985
-753303140
-629932457
-815596541
964951397
-13886199
-442126672
-735382137
-305049401
-536216741
-151253920
-140010137
-669011973
552846258
-956002515
944582243
-727663285
-503459261
863025167
513088505
652758810
484026459
-733644324
290610308
-533832038
268827022
-1000568171
305338182
81949828
234048570
-376843139
769013238
697297056
304728350
-878534200
-414808560
-893617603
1064668998
-559386437
345545952
-535446538
-208545069
-313704508
2561184
-946174041
592430016
221644275
-356299470
-799994440
31224681
584965569
330284984
-65572493
476004868
71465201
361594011
-431430148
783616122
-843650252
-700263754
806267029
-933985218
1073348678
286536427
885142231
-876637296
900190143
-451998453
691539138
127588954
143178280
754307036
-389119595
542419284
193511738
603130430
-760885173
-862145258
823764195
-561873756
-727309100
24710885
-897502016
188218626
335292091
-830049369
-166687393
875013184
-176305236
712620157
-8205784
-124742050
669505848
641695376
576788477
36413876
1014844910
350673753
388648689
359291590
478812227
949072201
161186448
-940252381
-74367414
812613086
351715546
-358108506
382445006
711217186
271394947
850269238
-529245309
-191661250
-990056827
349059546
949588107
556096875
-884438166
-862738809
967229154
605755724
-131544350
-325792978
345494734
-219245926
-990698210
525903185
463698082
264309281
-138045069
-495225060
-431789144
795308093
991908501
-6593010
933743089
694400744
802031269
-404746563
-497381890
-617579255
-87525230
-650067813
410832051
-177611221
1050067341
274021308
361194604
443603318
473656362
-4463547
-819958371
-833149183
391820863
-427207317
-895517511
-704272992
1048956346
-227510316
906869467
264687311
-503724481
719915197
896020734
504961601
496917347
302829740
-192868254
-910813254
-629710278
111459364
-750417997
778192720
563705012
-968770905
463275238
-770643357
-808284637
-88920507
-617170862
548088843
-173382755
819854068
123415798
800723168
564144651
-274847142
778124793
-830435703
251569859
-1057545402
-362237332
-436793664
-1072338106
-337439079
320812227
-486289049
213997128
196820735
-840643658
-821686605
563097194
1053925780
697143884
687148375
54703616
-823590635
257263652
-458093956
-983526821
304461267
-584768401
-658521826
920767996
619408010
1063955605
455690703
1019185009
-16205025
461018582
681029757
-784852658
-435721958
-171791257
973022328
-112213592
-670483276
-863461626
1050667462
-398909216
85557593
-33151433
166788546
144377467
-679272500
-830165360
332849165
214648007
877030796
954331539
719333282
672734745
640192978
1032737202
-889396551
-102635134
-728351376
205874717
743481973
-893776169
-439993859
-233456398
-1022778750
888211505
-733595680
577525990
-753420032
318285510
-263432300
921384944
415531296
-98893638
528324415
400231537
-170906418
177886383
-903898137
-200982049
690323665
47774162
-338712048
382951001
1059584044
679708542
-509071088
-953220349
-367523112
305877242
366044436
288338937
6481216
817944655
-349443083
173558421
786715170
309907746
-583942969
314330338
-199992507
-152027688
684727250
1007048530
-230408045
-236430205
-383627368
596178338
753450062
-252081561
-1009279883
174485541
708320177
-627675836
142745674
226720228
-825867189
823672539
568325645
779049939
863043789
362922726
-618258965
-1034610820
89144023
-823006989
-342837330
1046295037
