3843439640986177536
-1605973830
-1474074568
1320860778463481600
-432957746
3326426976764056064
2418114550169094656
-1712764372
-708071441
1695906366329011200
1861508340248165888
-952101252
-1639282146
495556006935612096
-1509387357
-1644400453
-479124427
-1582315959
-941740827
35242267926436080
4276204107043122688
655524422029969152
-1128859839
3657599770268034560
2597601462036310016
-1797705183
-1014142396
1133864204566698752
967969787361957120
-87235880
-152235525
339973248720062528
2241464563243926784
4579960978033067008
1343044773734463488
934586983590832896
-768742268
118555498699469888
123983761952358400
-1366525
-824294270
-1918381690
3534845423632771584
-568482519
-2036599382
-1345670594
-255839179
-1436655166
-608449852
10379756092063744
-430019170
6199950600900
-397943132
-667145505
1003628747993678336
82025517558436
60832252486370304
-141108199
-1452471547
55918662008355440
-614241866
4193656709519377408
98261290507564896
6037613391730561
-1177127762
-642114521
921007306842857472
2597830371466020352
1006950198529922688
-1173268885
4122882634912475648
-1956240932
2488354916415833088
-1887665663
-1585231278
1584933501509499136
809174377693769600
4207553546521768960
1510857745772116224
224001344468566816
-1348469587
769850384053459456
-942509857
-62137419
-1432203373
-1746179162
1338502419054842368
-2119443806
-81656790
10968115475170440
8337222997476025
-1773639573
2270970546257560832
1441034244838616064
2153768740436325632
272095538781217280
1532377381060274688
-1914406457
-1496108834
-563464961
47727570987489648
1876237148413995776
-1271537583
-627650907
-1732595874
-89789727
-905455078
4587600341444507136
1149923277865389056
-1321548417
-1217135964
622270572920451200
694684497963886592
366293072535351040
-1870242801
-543006034
3293341059924912640
-7451941
231513224975036960
-1773518065
21249359658103200
2839574890919007744
35518967269575696
3832825682004619776
-811948919
-1459772503
4074524030063520768
526420309513151552
834568479319462400
184099273966175584
3135229965442963456
4544458395999302144
1853516747031330048
-1304011901
-1518951175
1422397315907856128
-118359065
2445698478631867904
1679300620246022400
-868910648
-764248998
1330136679446346240
2704564983128619520
1199165698487291648
280485487392745632
-1473524046
60787235342955624
3934469134673137152
19561313588638756
-1545803879
-784585569
1136027757535068800
668511564541569280
1403985317908490496
-655622844
-1433536723
