59296915064757240
108175812545639056
271925409358714336
-193817790
247390187904322272
-335849607
11163029105526168
-126627950
-135949076
-702304606
-409512559
-677307048
-622749114
657844268043088000
547312889523372352
1071544615276889600
-1015331528
270455321469282496
-515819674
-766374200
570729800335825344
-584273518
-113077947
521691778675875584
-8049435
-985844386
201314903585514432
399277466545851712
-685607000
677761292093508096
38477097481328400
4758158452112836
-816735545
-1067408284
-315188820
-592827441
477037895448489984
-606551352
154161573390417600
15439956455641
-966842555
-946256872
-710871896
1058359052731855744
32459002757647684
-217117407
412285508738079872
-357461667
204306546575935488
-40484526
-287536719
-349490509
-971815726
476183130688496192
-978575920
152246186048641120
-320426127
-180060703
74051499676898704
-653842132
80459468610211088
1000836812360025
328349706254452608
832610873818218496
71050636684882008
-1020938989
-445698265
-953304272
989216389377216384
86301052906896
-1028939849
5566675378344336
303942443752921024
-357808077
1080139181262122880
-432480491
687640380674795776
52943409441733800
-950902453
461836375696677120
474916777482759488
778679701111176832
-909873950
-411018624
95550119118383328
-798157320
1134462285889068800
55330550345883024
-118202744
513652025470334528
-646590316
855824994835393792
1099895068820345344
573729049711819712
-190832975
62048546868100
22747913665533224
-470928441
-544121910
438610896254918912
-779110319
6628371450165721
-606507648
417741711401583424
570416516584340672
-735933891
-991070980
-568857776
659894806890097152
762452688635666176
-594965196
-359057037
-653489046
-298695242
85222136427886256
-618747297
-776442146
10088005978952356
-135210238
330115660065455616
-1007152175
803089930563122560
9831466932292516
346585154594217920
-1033387146
-762530036
26714581513429680
-496293993
717357772660518144
-375483862
-41887573
-925736978
-823435658
434363889020774784
1040250448894649344
558985301489014400
82994880120422400
-30897890
-428350222
-606849328
71238372441780624
-630738732
-194900292
-53747197
202597636566174784
9770235773317008
-46669236
-695005713
-335208469
-743961429
-934455452
-350341365
-72409474
329028185447746240
2481520974227689
15172713012039490
-347895137
-653138990
-5598847
1005752284487392384
4448198214494596
636108174583209984
-278435242
-721015216
375094773443734976
-449908836
-537007805
144451239944782240
-554144491
150287927330477152
-947220329
16498472535104400
1060274266353832448
-44948555
44771940007128480
668342876136804864
-323080320
68698757387652480
635179672332523264
110971070375718432
807608888643208192
-963111425
131734379334336096
-773114989
940219379070108160
-597635226
856550055645011072
549056372400157952
209609620127170624
-749782306
135012681244355520
-243667057
-1029403279
-1042530746
-762885446
-162986810
127213567367412096
-549841696
40327464275928064
-775106842
5882255094531321
832266367975168256
-341866215
-993651093
135592064718845280
-305383506
-240192656
33349664463399024
627027455072825088
-561591004
760645291083036160
24220856265382144
141594014336619600
-526238815
10032722525383440
-150757770
410121197374587136
218757887160516032
-665409955
19898455399753224
194400803599174240
-619547322
944767062003916416
-554127943
-83211972
319381918649044800
31338965538366200
-207702060
-114010535
478598578669158016
-144629847
-669618422
52630065791454096
1140224891278528256
-849772990
-801076695
396474059197983296
-235531280
-807271865
-876972923
-674991551
-852939143
257941800845443520
3938477824687849
615855502525627392
381139579032170816
86032717768462336
-141761190
3431531811001284
-294526660
1132783767625922560
103117457759903040
-835817930
-780501867
-622522640
55026822132697152
855868941734686208
-1020252864
54539979228037520
-745356302
48936411587514560
65589252157296168
-729045323
65031969846759552
226395552925713888
-611230090
36552893022995880
154956198650036640
420161456155493376
57681531391021208
285574479409839488
215536130311998720
-345048122
-966264483
455288894457474176
-652167875
761670452411952896
732918044841643520
-618538660
-728892353
98180887740183616
156663568348485120
-276276682
666090423157289600
494837414499176128
42801714380605504
1342572334394641
-101106428
140885255552841408
71211688160253128
618499495664917376
129083883189391936
-100774370
-162207105
-979962366
469860496356036672
21124489106560920
539535456483977536
-597668243
-886514153
42733506103747280
504715810494330368
-559082801
569546622178498112
68873307038315536
-862263406
219784152210530624
865752545688480000
1855846163498089
-961392371
-125061103
983212568120694528
-825872159
-797415873
618423085223820800
1141456813889971328
-466394268
-211856428
29229346827241928
-193336808
-201702602
30999202199205408
-759604800
592804457075776
-769368468
-369666829
-1030944394
110171703588555360
69213993990696672
-406764251
167553201982716896
-705531550
394251434061858048
-911202977
14570450233934400
137763682893412416
1099158795582354048
870776387716000000
314682065560228800
495964165188156288
-413620877
-1048359007
-876590666
1138222410720004608
480126619839419840
-771706637
-1061257256
-418779821
987386452362436
170096794144661472
7477333801810084
-1010849761
-622414949
-111805342
-198034884
580867747798827264
-666401002
689083938616418432
-750243146
-156967172
-529040728
-384515075
-292595940
-565703442
-996977879
-595400220
1106333785878144768
-1038443794
-311209851
223364668834531232
-723279927
383719504233940928
-1040856963
-932988054
521493620557103104
197470758153312384
151381054331215488
-811723344
61179827535786968
-302439569
219538948815626880
-216786187
-160382007
-840522532
-98409491
487329211095757952
50857549696954224
152561573791063968
816720054082825088
-1035685694
-509080852
63552910518044672
654136438867758336
227181844084753152
-1001003248
156185810364285024
10623747511549226
-635728846
431743894410861824
214227817513200096
611634342049020288
275529847763615648
-483238246
1143064075178211968
683674185342797440
-1055769732
657277689670049408
586026150968855552
351874395082080256
732806866529380480
45943429643314224
653903092275705984
-922122262
761612330959873152
1071206643318641408
-17259837
