1058483520591596032
-841078734
-670368312
-1056274264
-868099637
423283926596713088
-738979409
43620839596512672
-409000132
461766522391266304
-189518622
437946988432550720
101856176115932736
7254925252870801
-130841548
740419869006559232
-413793894
2015098004564649
-351877252
304153221743776192
-250890604
-5327749
516609004464301312
-381898109
835679524916287744
-284485750
-205218523
118595317701670688
26927537583631128
1047925680638137728
1020008895994190464
262552941185438400
521848751101872000
-370228930
879582769509069056
486765977855545600
513090982038045632
-439213256
581634586264281856
12555741914493648
-971112922
-593512095
341752369804385408
-1037160510
-759970802
-979579852
713865579369469568
-649359319
-146460877
5658726754291081
801319045220033536
-151126934
628840901910071296
-904016276
-1009272061
-927374096
-499981609
61925603325588024
6821639494409089
90260188779222224
-933100632
987313048983148160
-101324856
106531731459241
12622345886417796
916816259732321536
12331085747158084
313626177736036
492145384922500
419341958774924736
-621639814
-161676336
-619290654
-382440189
701930344815111552
883697993956807168
2477341176226816
527746464992099264
6699307243204
-468441073
356957645029455616
-458549099
-226404093
-889159457
-437802359
640420771536917760
-116568021
319720451881988096
34207848209435044
-515479060
323456233419408384
171298477960133216
714931384338967040
-141780887
-193221499
-554167736
172969644183685632
-278251165
58545420229868880
22824816500060964
593546253746259968
-421936424
51768189888537600
-74064710
-910679153
-597021744
179535542715024416
19551050625649
527665533007621824
921675822359460096
-634442024
-546102938
323430325914841216
-597603364
1001878541401768960
349949042743308096
266487949149685280
565686146056725632
802697010920464
-256365656
76699767096883984
117207366437316992
-723602851
307850756868372032
-32026426
-154505405
861753995789229440
283462849737517856
23428810345455076
-303533381
690759831060140672
-798884432
-596407180
753878028909203968
-62789529
148802688322735232
551914584623011584
-90904918
780090677206311296
-21129436
341836771956239552
-390398492
-33940373
974104723672283904
807458050228196352
15675000937624336
31297283613206688
50819444151075856
610761748580625664
3949929678249
-720614874
-996293816
-424729213
-594440463
61122006369737104
53133908558980096
-685805160
-914257854
16034728386942864
55660238054456840
488790928365592320
904783833220782592
464374452765366080
3885425827577856
-51657715
1145407608611506304
302415452208535680
246254994110984768
112747561688647376
77711881610083088
-545606033
-640017938
107026105720214912
218540915333992800
33911393575801
-313088419
-900170297
-573706526
40624397869502496
466981849037932800
-103718616
409202367020001
-1050120992
-469545051
670992194134241408
335952611567812864
530963651604565760
251986326897865600
-556681376
442311879866702400
1059880911528811648
-90741104
18163569612754944
214994607633512096
899054428225627264
1002905715734854400
-974874457
-375318176
-627432772
278132973191960768
551873061218217664
591647022600658688
-463071019
-499556702
113472094088740864
-52828920
6890627892157636
447679676424093504
-371064149
17362135131357024
761933090439532928
132142503079894608
330969025695855616
-612103313
519532369860111744
-72275306
454343600670721600
138551784883251600
-113357924
-714078121
-396981495
-428748592
122931957420338528
-627384926
34943450370578928
11443653834250226
1060143857280765568
819140127285468800
-879680318
355528971291300032
354129459954450624
752358139919812864
-29058399
70472522617691768
-215319508
-349312332
163379887359728384
-326194816
154862867725282816
90511856106349456
-62803117
-1012621695
388769706948972032
-487174278
-909356098
-353662298
5398481577409600
-611768250
-196640941
200546552618523040
-736688688
826535768703295872
219973160400065312
43713302739880224
-270622324
-1055469073
-880832080
-592042197
9461526436262884
661912989160443904
-190479311
-399556285
-839052773
101495333693722336
-646810511
63838978649302752
-557569882
106241895964440720
170088092026725376
-1011806936
113841349897130240
-136585373
528338864698129
-202537683
1115227844323032192
40231321471600896
-226645854
-376211120
123729842361400896
134771236696928480
-384668143
338193339030581312
875909571822765696
-134782806
-88839584
645545226983557248
666885438860691584
112164838714938032
-620959123
817607746520355840
-25627111
39720710426105808
-463811252
22012279751198880
-921491643
-391507174
703085550339873024
406404216377544000
-552385629
-397533942
-1032595782
968571732294576384
-809447726
-1014571468
664500369764304256
-905506070
752162808641879168
-28442456
4388494888352656
12619277815842480
-408048279
-773444360
44366888798829080
1091758020909806976
64435386801435168
-220819696
1034446187389734784
-284792625
59800199930150440
202797014330711040
-454887249
449238045117450624
53092210481200896
-916800469
21952420286281
129081315051169920
-1013213214
444765084031852608
-108781318
-541390071
704329128604403328
-310233798
-349765477
-318620082
13563734720048704
-542767167
222600233559205248
6815567106376704
520046868762133504
-106467242
-9923389
-426768779
296900213559105024
-398248087
25292974753673104
1936446889786084
-492025444
-410526775
-720012778
-287080836
-738363915
47536340473003200
101402693608906816
-881592043
-906680164
640202939285087872
195681714023029088
341315382674209024
-677827292
-14025471
719170352442530944
-540718935
276565842370906720
83309430760000
997530862045150208
-293802282
-84074237
599945552613796
826982476859721344
19702767516703208
1062955141866071296
934357675236586240
411040828377866304
-267101844
486910150025196672
881661539766482304
-1067325055
-853012003
-330500020
8330968815287881
858321890976783360
787112466137088128
-563124357
82661169773205136
1115628598131836928
-285197741
82206362840910400
-150473512
-325392939
-499304997
421643343377808576
116519227869058640
341621626914796736
-1019086474
6882225380354041
534446871263449
-895945851
-738252721
635768617201
525504594546139840
-914402213
33678836137023024
-606311241
670433656163217408
182557319158718368
35542872391774276
90835132212700928
-263848640
784166535161031936
1088059915252221056
-352889605
425931545199713344
1010403303346605312
-1055750866
-772940668
-301017497
155369663315750560
1067937846420673152
752075072639664384
-528454639
-333107650
-70558593
205722134498640384
253609995819061248
1708852153210225
36364737106723216
-637528283
-16006558
175116033630130336
-821218855
113716116434549216
2360036317842025
-45719749
-376690896
359063281728145472
300150148982194432
315152362601242944
18628650152464
-579434419
291412113514956032
218790444184166464
15598641375819440
-38783298
-639818345
-233751436
532179142642149056
-1001239725
755300884193352320
-278080313
131455569126720400
-152995777
561732611405462272
349142688963084672
27329121963648400
248186260637995680
415463584162234624
265956835042600896
848472420716143104
414244221317761024
-948316584
108744005503873600
180936043392082176
-981115775
66484842315516304
-680845909
-66063353
5331787650466281
134557927026032688
-4766525
-43583586
603925766415838848
260971028731671680
90809264056520032
59644090752631608
-799164316
41825955335574600
382339354482433920
4480227424119001
-4737564
-621130310
731570003301646336
-495871009
-288579437
547147821664636928
1080394900981975296
217820799413392096
12936694333368100
457012084240302720
142114432339301040
741807965112169472
-1059923068
-39261562
-922894449
-502451003
-479218109
528567517161720128
-548080637
-856533265
-13870361
-775375654
692702873831430272
-718774145
19817876544960400
-976422294
11155100876879522
-533415197
-683381162
-581750159
854265466732280576
-1035463086
665071541018361
-930927562
60986209462807320
-449325897
211548817975364512
29837564360794088
-732593231
1073295293448116224
26120052426362048
644698407552388224
368850058072933440
-259801545
-761673389
1125663235657037312
5991727693875001
109897039564186176
-883254618
227286963051750624
751369116241143040
-1003191261
-556295486
-254618840
38939725628206144
531913705562684480
41458155220366568
124968014237471408
1282951259619481
132442982152791552
43104538406505624
542331885895923328
27854804880217744
1116619518350796160
319825520076441856
44210186020449856
-643544103
-263389179
-953412972
-709675919
26356833815798640
261952287991686016
-213109690
381149885393637376
60980374082666112
-709915225
-97502484
-783589342
8717276619451449
-989896654
-928403485
40905628397457200
-771000117
-825495536
30965900887288248
635659574559499136
-288350145
-632819137
-320268680
-564957626
-1043239372
402853724803608128
232400579721601504
-578628467
-674541240
881971152316108928
323749697482644608
-666918928
-368860288
176786021274652800
106275486224620944
301313853648231872
1133962447965739392
-937981995
1108592884387685376
404404357591202496
49536663299535552
-755966492
-6674750
-129086572
-476182000
-253574433
-14544509
309678816235684928
105596355792253040
-213088522
643514690605618304
-895591117
512981326099759616
83501339909088256
759313824154594816
-234284370
-902553837
547914078822474240
-749367868
-602142468
-121494775
-634299297
-870381919
-398757585
-640559487
-823466155
-599011190
-908279778
534225478269660800
347168345145864512
420974654024755200
-933516283
-400311614
-379380769
-103325401
9160773927172624
-111804340
-247819310
691667881466438528
-962078284
478461026557504
190155834371606560
708005325036053504
-302248978
-64872071
7170433458841744
-81862330
-887490448
-243310901
1012772950642496512
-969963222
528597535057613952
-409544280
-14594005
-76091991
418576474647818496
-250392311
220854270426919808
-1055843121
-822400209
-594828442
-1059167196
76265315477003536
-965218371
1395169139953369
-185236943
227949614377438848
1112227073539445760
-1071852057
639883000547704448
-169109862
210659376146885120
956054377376641
-1039533949
-113956085
-222367326
-641996178
-539456033
750407174164286080
602876164718412032
210741823725327488
-1001414968
-700465020
-375208787
-82915147
175509768960100
1047478501982016768
-218566164
7308071622307600
132019373198158208
221989349080249
-942954761
100158429554723552
846444079613889920
-354121115
-1014373452
-10809757
-869161744
1086014338256093696
333080176155594176
-145859579
-288897120
-567556189
54242129588762400
-780068424
11362702312584528
-727964547
-372351439
15717536604160000
700075076296731648
135072873271483456
-812343202
-952718118
-239937594
-883351994
1074278487417624192
-47019879
87132199412363040
269847087177822560
71366636958041104
177168719986565888
-933087099
366466065262461632
134830520793261056
-325172209
718267469248811136
-289127371
-965573323
82212266440044224
-416892447
96754601491836288
-236695033
-488690541
892253536384392960
143256923797505296
358446277254076544
-504675779
891518141951283456
828811224825708544
701579784032131200
404016774832213312
1053714878040834816
-52866456
149765886988176480
252574120200030784
-513698473
-451273173
-949948840
