175431243762407168
-300730717
127358504431872288
-480030739
549065624357640640
1126451619130750976
-825721880
-152304795
-680729111
-1006167545
1116581075856000000
-1025144974
72231101758818032
-837327614
788868274099074688
-33844747
-714949556
350720436171737024
1084747993949744896
-793451058
-586951405
47181635942808960
224640196414497376
100499483463406224
1045266861689682432
67533595155719288
305236007840585792
-410849890
-985176086
956778960152417792
625278592848921600
254655778755027200
217921842306432000
5626502650340289
-703953289
-487126089
-264179617
-369242379
215888204341870368
156010986504672128
-891848978
447617799902002496
-972992480
14207827544414464
489009011757154880
-251912134
722417540452929024
-617044278
629978834189443584
111129568988718368
-513614558
-320659830
-511340712
-402530976
263566965421654752
-123537272
1057112000622949504
374036351666393024
447291611502668672
-48937790
-212746178
-353142109
-406369336
-598652214
-521391136
-977648601
128963159469648096
-505162119
-624557848
-202941892
141799151471922960
468355202747443520
572233612161105024
-681716440
458487517005745984
820513271040159360
-467271761
41222450659398128
171886441887242400
-139794538
233940429933036544
-672542956
301921171160131584
-280789524
5339606770647769
-9150907
-492328039
-248177423
309026541075024256
-598687056
448148293556664128
630517946638766464
214738351454500416
-286528064
-629474532
-27529885
490414976422729792
-583954218
794732338046088192
-45475639
-1003705142
777515960940509056
-155054956
-91120949
-620982234
-919969665
-90874738
-181412570
-698075176
158370039684387552
-16622183
-544884779
-297595943
-768382706
754292428911010560
425481333503647232
649123562469474304
-839844613
349878385064894592
-518936993
-592875002
-446258455
-487739013
-720155728
-623552379
-889106231
1084040574566526848
-176537122
295714772624170368
-172672964
273019694090508224
-226288364
-111096909
7995193694727409
-925968286
3094953248348416
-65721906
-67018408
71506769451805008
-1063938061
995067653057285248
78869067276449648
-368332224
-725831373
693890347794654464
29550971463681600
411287291832852992
760900182516197504
-919923354
-314645025
-726209980
-270927092
220352277641472032
-61820070
234492227323800640
-295791305
1137865908195432576
-383625491
541430251225191360
-817180309
82802803053676640
15129365558208196
1150377945503633280
-424722992
-50573045
-683944610
3211558604478225
613242375801264256
92739114734450624
-266025230
752480449758816128
-727823775
-462647810
-229949156
337395751292803968
-932306928
-992451240
17327349889425664
417132184149874944
839896495651086208
414159401947230656
203353433105296640
9360406539649636
505587938599773184
320482105256196
167007380550583232
776016321874708992
-361262387
-840813366
-805684471
-261901530
158028498063104256
-659801478
-341727408
53767483867523552
-936297465
-597773278
5657712622901824
225288139927697280
147897729107768640
1074552339242794880
-696973369
-769900437
-907075207
-630326315
-595694603
-873930756
596954207178965632
-1058964674
782631995907988864
-425938731
-431712343
311554042497489152
149252751878358976
-753930680
-874811726
81476124331572448
-952520967
-202331219
22503369726157824
-850795622
-761625261
-144469500
-876905197
373980199252032000
804539500146865024
350305021041266944
967748631459012608
534811629270434560
-874215252
349431525001947584
-559761862
211230206704515616
-863804627
-684698801
-297922294
-220006749
275386225405225
394710216718066944
-475626108
-375773493
799265117845201280
333622470448378240
960217807041561600
16554639765577226
-872593584
-32018931
-38861059
153598661331055808
245983866201371232
-196604254
554344302674376256
239902602928952096
138667371582023760
57587106481620768
209441561016692448
-251549362
-880584777
19606234695730224
-616747669
168197305437347904
-595809694
-345831591
-145887316
790867906036696832
146110720936751040
-549954660
-335941900
-1068503315
-948284720
827680830617436928
424150221439930880
27944979742950400
1081586215883917184
3793625955086724
221751052829295040
-382407039
-469095654
1088833158390784
9520435493052960
-889215699
-1024027523
-629191923
-459151815
-699936409
134663264987413968
436793252581096320
-907511693
656235435748625664
406971782879446784
-589569727
1068586856695112960
1130298505119870592
-141781679
-371182616
538592326028919040
1083820642156250752
1094872258933427840
923855629364979968
-109930667
-492874876
598671910132855040
-520163311
-613443392
582745859430817280
-20891899
627084713516881664
30128508702981648
391548144762086400
-888255671
-206370744
-796178850
-514625139
85745375507010768
-845422685
586180894906487168
6934403521040356
-617824174
81601007149210000
1098569539424075776
560667227849894016
-90007165
-436344735
12174113882758688
665454603199572096
-1050709361
-570391815
-1027153500
-550758251
425869962241636928
-1035337367
816344969676863488
-210303734
190246222074273120
226936806821807104
-17930689
320053889002500
1032017721112252928
776722435927942144
-442836430
31613695223784024
-866942529
274934310643036928
-784216714
-229157807
13215725036750888
645892423878902912
-262114156
-940495752
-463432668
-368775942
562850585109613952
85442707021164032
-108206482
855566359704763264
-697568242
174034978121950016
196986866415600640
-158004944
153252280235505024
738651786032543232
36436614031180440
366583848370269120
-162823916
999880139591844608
-57639961
-126041559
-882961920
-163377744
870431828564748288
647049959815740672
-99413144
-269061380
-768690260
-770061815
-550969917
844511551171825152
152219673190639616
1108426890801554176
-412821327
-515858788
87468272482626032
38110750399623000
594646254831077632
-282271946
64633593051316128
-238592196
-724893458
354284428239613120
340488679224190080
59106133879535960
-305096023
253595638470171200
-495535313
45929326449728656
-220121930
-480451018
3634706849560900
-828249389
-58436856
-67057841
1124678255241063168
19454641388170816
299572004055514368
1143135385906609280
-362388237
-529351293
212765883630994560
515250034684074496
1076389232992256384
7093955248704
-49918710
-218565847
516897938433261056
-519670775
267239120099290560
-83070919
401604653147013888
55659694486378760
542018293748652864
-130432293
902464287953289600
769077596380900224
-556333914
169204158645837568
561421333616935936
696035352335678208
42559149495716096
-830164319
-105850714
180720415747593120
451151132837266816
736039205757216512
2108084927620996
-345416566
-845338817
7520755929733264
1006565870425774080
-971761073
135021422800527776
-837998382
-764222416
112291513382349088
-1042579539
-478284960
-359389815
-425933843
-756563391
68583589285087968
-187176922
960445991950606208
-970089604
-241970027
26570671102275876
-1030234705
153966332739222720
306751701162076416
10459141036683364
31417999954522756
480204920667494400
-858647661
816292425523362816
8863054137002025
946456449236764544
-460022811
10022584937605320
20494963977748128
154197872197976160
-443846134
-126736375
274195215263281
-18996733
-706750393
1090758457520555392
-614677499
-199268751
32859378827376720
-613140127
53437400085065480
-123745992
-224198223
662251717849518976
37483480714380104
-81322642
136929663766727056
280695218835900640
75735339968297024
-407642286
-931135290
4146244409430244
-591421465
-433990007
-690680632
-82976309
-975868207
-839778980
4300242596775225
370680505327695424
-326989787
22014573836148100
58963293707536
446307181900183104
-417254979
-350013814
-936090901
-456282650
528531535779041536
-815911719
6891607608709849
894326162162358016
-2245009
476710961800597056
47642663801280024
532610570949406784
-1060607447
15503262797385800
-869730220
-9501151
492404509614314048
-635446142
-504077831
-410545882
-309156798
59820084216613808
-220874146
-747052823
4158537056358400
538176849163312128
73532283803783424
-828432505
-192910290
-993840352
-959428260
15650110080160000
-705631989
-990859926
-877717352
179171422986467040
-103544109
-627084738
-529021454
-209314266
-103280796
-148299766
840111219143459328
151801179931990688
377970841071662208
658637137305132160
-656272145
-617902967
342893616215731328
-743490470
-756190835
20463730793941008
1107637743774577408
-283348497
649721087369939584
3605867148570129
-1002106978
475353412076923520
-330754830
-7012270
-467267470
586145332187258880
-930814818
-1064294345
106455292751166128
-287483480
465183841968664640
861883085433015424
-942354986
-1035866539
-787679672
205228058563089
83750632869704256
24730171660823616
-242455821
-869763670
88175442871684
-235148173
554789432160669440
837831959926518528
-865054813
-854934859
552201668819658368
170096394914663360
-4573819
295648466868164288
-190727468
-420810828
740922092107939200
-1033186509
679813788357404160
672595023259112448
-373721968
205119936275839232
12656324700110224
-716873020
-427090553
229586288364869952
-531126810
62655232268713984
-982076037
79487577103480576
61364849115297024
-941186087
-122250071
-339525514
14755315837474522
879314436131970304
-305964615
465752978303184768
-509875459
44225453213892192
117932185678928480
-229844566
981568854563098624
545156057614679296
420711104697166080
-772431726
937995027660056320
4220046892524544
717494993404780672
-869474498
111091525085426208
-72227930
188365854532890624
-1014341971
3963225631764025
98326071524633696
26006476019605224
-170230950
-812116110
-914518695
-681665046
-382072238
307035807541718144
-383603909
-72707247
-261998118
923221407565068544
14597382510058384
-6569287
1103632795631546880
731480774048519040
-322571505
23425905573126168
-1041795683
175080365176567264
714499492222595584
1141525161946832512
538417849364787456
-341195926
-517288615
-215782456
427726201152824384
-755002583
-730625451
-47943643
633616899480319232
-490777981
36433061389036224
691810291591795584
866976100411484160
6611371065674244
338220814049867392
480327003089100736
75654477921995280
-166139879
437244836290867392
-838233863
-650357372
-94854640
-702288739
410309332114013504
393553675136259200
-318350426
-347398153
-916514842
-684751622
-449682400
18775479015038736
-326523288
550818565099110400
-30126673
-756780806
-1051060017
374359497383371520
-510297224
-1067436801
8040750506933824
-407740185
-581217718
98910717976553536
169189990598297888
-279917944
-744262893
12800561394668356
-972609104
21806319033658384
-396380804
197144682435684
658322743857777152
787003723026083840
298121380308275328
-187437532
291450618416295552
-696333134
54693476678313224
754048710995087488
-63462676
93741757741326560
-470682511
-832419896
-8565423
-159763821
-847276525
-498280025
-358155159
-746850387
870155482585920000
1054914260448416512
-1071891582
-920786069
-543165128
368461658486722304
893036162374880896
961271390127804160
701980694918065920
-433665298
-166839646
958942499594649088
-455264877
-841254875
565472544277437248
-51105168
-425705952
408916800966096768
104763173883274400
-632211053
489546990551264384
824892277483998080
-676078342
-684010964
488194846609642240
-679448999
5253966932968009
-995098821
18022655456298256
-669418992
-248423983
-1039497283
4795862080178569
-184286550
515297158499260224
-803049343
95895729385166736
637708058833327488
-403537376
106082612923221088
54879662926471744
-719480523
-200503704
-734095538
287258186444325632
643823177452421120
496019005027551872
142213676252145792
-32519673
-982323906
-245872692
-18773665
-773771632
259163134676616960
664576710895905024
351715486744387264
184977812384820896
-859847126
-913861367
383668309557845312
-803841873
-58382357
-934587568
-404955466
76123724635499520
1061857782354366208
-281668220
248309670912694400
914235214245990400
-218139610
30231968964471184
-30735012
1033328115562095488
-443205129
1012721787630505728
-363208111
-909342010
113322155738074976
-753214250
-763109085
-181418350
-868086130
-987994181
619949668156618240
-485806698
-145465798
1641828907782144
267357160454787232
-694795646
450309278180367360
-56285723
591047689389987584
88491216278529
942752349783922560
540039986943256896
1129871180605104128
452523119872401792
-529507805
-933257173
1081505684456169088
-469401791
172293792288099872
-294702618
1054962756096212352
-658957322
-931457512
702419967558060160
-320420704
1143048489282953728
-13621086
807277460575302016
367730919581036928
-937257278
57068095743375616
-863776038
1052494814145066624
1786433353088400
63371204008558880
938567956600008960
-1073571365
-767462359
-91770291
708391511833680640
-598200122
-408415585
-822563453
-806470991
-311745233
-973419076
175848643065785888
247792943718378592
-248790092
-220800479
60304605484816
212775551101584
582332636847200640
1013797140772503808
-149066086
-572454468
225871231143174400
-840198348
-776506977
133484147889156
-1035664606
-774983960
25973627639509448
-113386949
966771603146757120
923960096562721792
80804280872639840
669414431324380032
109579635430366208
347751946925061184
-238885241
13359345975873770
606287598426588928
-858056219
60543314985582144
102794809260759616
-56198412
-554354281
332693857488032384
-621996185
-306374624
-298203024
123570545549248576
-416450113
45026656912860736
99524267154225
18578819126356164
-320387689
