-584589412
-257243335
-813745626
981972968115122048
1006095075289096448
508672776236870016
-204052693
-513777016
408049525091976832
-857196967
-280373247
132885427936735296
401794765879954560
7922865015767529
-774541454
677329414792063488
-759833949
19889022017061136
-293315926
-883306492
-873671826
5639807382019801
394251012116903872
-680250291
-246307971
40905035398504488
84872258787519840
-769088599
623677303096380672
-527117177
29528031552026176
450280966988907968
61084075514117184
860561316951171328
-762141689
-529556483
455310497541330048
478081364941986944
73611630079924688
-573918224
2880689165890704
286708575507159008
-649933349
-388791988
-495609778
-351454129
-486046528
-462931655
328951491405899072
2525625431871201
-227329269
52083429050715360
-450357986
-134786555
199745944003609440
30335148144233688
-114794776
-745542280
-964785185
-1032590986
-1068139525
-655825857
639184196140801664
-558211783
989338686394293504
-810518767
333888647226070208
-592075134
1464329001968704
407757146935587904
886638731012571648
-845554548
41966351935892832
-730659356
231801996421407200
922168190589116800
3632011487533584
-1002615830
-659140958
-147939201
-263312232
-703211956
959582561973288192
120136565649342848
36417935776155920
-120581733
381657684733543040
-311720333
959195095751203584
7593100580283201
601435360499433728
463704313930307648
339855689362187776
689971049573401600
-349050818
93195977310746240
91259343249124992
22826514959998368
-752831863
-193596768
339466670816883840
-142843939
59768552714262080
-980883778
-903704039
-108649205
552946556347760192
2495097905412025
3561797530555209
199818400520565216
-722813598
622002209657141888
51110044435144248
-954998658
530644975157130624
832388104266657536
367850983651840000
-958293654
934396367573956352
809490838439199744
261147006459498912
5918323370809600
1005634053362824960
936507768960889216
20370683101713604
-183994751
-942616183
898350688587540480
-376252620
603078239046778880
185823896843161600
-974102880
133545061939959680
538713858948091840
-617665866
506506391056005376
169024411914117792
675249440681083136
468234666484902016
78709486986556320
-1041128347
55570777885561
-411910627
-630658567
-298462596
-137676101
847892374700432640
270446116000516
-588915652
-145600128
-705023134
-140441297
-1067438931
-973790926
519888917322166464
-299610047
813477797054401536
-1049311968
-433829677
1014882832402528512
-879433256
-323313267
-214885739
1022515328025
-861347540
-690918368
41089921493533080
472205857845348480
-677589940
58330274354991768
804596994596782848
-242764670
732928165765593088
124861676163452096
-394482253
736933440850475648
1008571218152896256
-335103413
907977031741810944
663570908447509888
-334443702
-498842235
-368143458
-882776808
431720297294400
-864717604
-483265851
464121809470819584
-500878557
-385012035
523780266815129088
-438701905
-722419574
-278185762
185544429629229216
177654812288845344
139931628732900
-932916078
-737503505
-713933472
1011621051446362624
326215942458742592
52636121995153224
-838094667
669155254508962816
-930588119
-556061722
120997616805211696
913616620659038976
196903238698742400
-579104556
297691548828768896
33686946283201600
-589533353
22655571992582400
-1010367189
-900875908
-42043901
-663717170
-360373702
885212688532486144
749842767846413696
267955378029724224
774948372244710400
-752913281
191131154415282048
830965832047932544
160383203570923520
-295839913
912997775865107200
-778737813
-285301884
922435243238885760
-655127272
-358402112
-203773055
-1021778459
-923923419
471356567927623872
-120539754
1042990887123177984
-869194042
243426609044683680
-598178636
-303868306
-43273383
-489024711
-461550916
140285757094044416
1028879142213316
80340270412749648
392881096959593856
-15491908
-658216679
-762212045
219515764644759040
-413048715
-152380344
687059888697814528
87130065262188528
