-305311751
-622644117
39961169828215800
-71216576
-87218214
-881733398
188092852745299456
-844907123
-228363713
647489565077373824
-228329015
-509972028
464492845937894400
-551799735
-431598616
-648879502
3026616115796100
-546160218
691457150097950592
352650465924565632
664035095755512192
-574579057
-504042586
-888678263
-937004654
-175153584
17537865405527236
26335929179178256
-643597572
-921205326
550626550892538176
-55670689
335530585670000384
-183244799
-893908438
786362591842432640
-712966411
-661919618
-301548467
-926506129
12287366674076026
975615781949626624
984931947266640128
-456762478
-1033906876
8616906697017025
-726514655
-901837937
-933730117
171476468686591936
-887026961
-525527163
222024287929088096
18529902369173056
123919159695670096
-438521621
-355615260
385217252918625600
328949683601070592
240768413357796
5405188929600100
-923746011
-1030110843
917846336198592768
620159222028560768
1136592773064324608
2895366940600996
-487443837
-261465195
-332872668
-1060076608
-267454395
179783271673530624
84438372373324224
267190844155033984
546033120177610496
209340138396591232
-1007162125
14337851521229824
15799813489841480
509176205160642240
-241746045
-633276306
15445856692012320
99241669240025760
-691132416
865005684708285184
-72294911
21489067872250000
-531385517
444734428174406144
-91973464
-635582877
-236981037
-397604529
77577826729985296
599442966235428480
-695379362
590173252069294336
-835646960
-301127479
349614462652202496
-261579305
-604835709
-676906820
-443205837
247532870945776512
59335521023834896
-841148483
103114060348115968
272038127283689536
-1028383397
-631708948
471259352757122304
887696201009568768
784039948188851840
-1038318891
2055806734410025
-299540611
-685043658
147343735168194432
438236637266924736
-1012968780
525856626762075648
58784353318703104
479430397768083904
117094452198361
948266237652799104
-318628152
442626735236752128
863159845487137408
277563706809295104
-388275052
8234653573080064
94329300052608512
-98174968
-46950745
403897905523699904
-848615886
-682006840
-681035206
67601202245345344
-398146899
-830365813
769611537916204160
-968085499
568701300756681
687134507469749760
517068911712851520
123631521039984048
-336367467
846171123154862464
5913966052359225
-947693217
490333120797837440
-215833491
-166871813
502706013831169600
571904253979555200
572105629101456000
324328061984690240
-996144240
467580290135271168
11519805319086736
-570594645
-565249608
495197872801632768
-692365514
-908226686
170836705003208832
963440088404025600
15496677842724
-624796661
-1034716369
1051804006783601280
73783552817700960
-1048373537
625229486930269824
-58790769
-473778650
-761340830
144103459041228992
165248171132042080
-1000022482
154457404026318848
69783008802608640
62617900049304720
565854043976082432
531730258435466688
364679964099940160
-762345035
-848398374
-116234983
228111773471493280
-390702544
-260258460
403588292901996032
-662479752
-563420928
-181124977
-535424779
201507033456041088
-271435304
261690293123860224
67063155050940304
-92954187
-338819989
-612575967
-379626766
-1073140170
-916971854
67245026426931600
-864833146
-507862231
-391122565
400061961495385216
-494511993
3152551076741889
-76937638
-71216506
-480219423
-75801975
-504812909
894075150629142784
-101554201
-390299290
853448018896829952
-590920786
28597478170921
70662475533332736
-443624658
554001381983661504
63023360561722520
-353323377
-496883316
-513582855
486457299073729
121856424013566032
591673413664828672
2568608968650916
623424596949787392
799274481799196544
138774592506144400
-423351511
-823283721
60205215676804
589626611333133312
65732973382580624
16576135104400
144239502981915136
-573714777
-778515100
408114760682991616
182562004601653504
70253079287521
-126423377
142264855747338768
291738581541146624
-381112272
-1064244230
-244396547
-863183101
-970814066
-94503480
1027154360696310144
-370154702
14036006455164410
17738890710880328
-1028614721
649518411533556608
383202973063413440
-18602585
258770783103061344
-490341478
-335612780
-123269899
122844672206313856
113808977625763040
-772774435
866977934710017024
-183572739
131191705742049936
-750125343
692744953273764224
463179499437326400
-594052706
60902729120357088
-195788632
613313313995973504
1725994240441
101206925953729600
104950785890221568
-675424801
140756168822872208
329732398262889984
61956869617454160
882233872666084
768559958600515200
617606737837363968
136609430546836896
-310786880
12686128488271224
811931772802114688
407410907124750400
-755759390
438604155624961216
502236860017491200
313117042726978880
-471606279
-942283205
358314417679689984
-941123906
-1048918647
542164392984605696
492087908638489280
90498841120044016
-202014783
-507840571
59741453657581200
-1041449217
341164063742655168
183862909433988224
-839957944
525563587043946048
9785158090721764
707722994347256704
1072272081655638400
-616112162
-207254007
-101597858
-852390788
5959187369067529
708847896321826688
-357243949
41015477634065088
-692015212
-301210497
1011605878098867584
6441577709113600
-618246988
-471838361
483386439789600384
2167510392527841
-364475433
497104833175484672
372180867213170944
449067923061092416
475842106033479040
51636279228630624
-677550116
-692022989
-488579022
383058126629942400
-826028142
64209858683669448
-348409274
317124722401358400
-809309325
764410768305350912
-674150010
-365494876
-515519848
-200026932
184225386602092800
-1073083565
-202461174
854881509683096704
135001534792802496
925054323284933120
1059598487658944000
150382443694813024
358611134936152064
916939956344553088
25645998564229760
-626076494
-361818050
469447282788897344
19546735716548880
-478343467
11773595221427602
85901811407451664
-398328951
-358101534
293672978151800640
501576061321241088
-843797207
864250517867044
717249925279088128
-179064773
-416854044
-748959380
4644329134969225
528160497064645248
-598016112
3354852550945921
492363703132900
-998583406
42744768583686400
-146357295
551232924623285632
-473476104
8386185387949924
17708278013582116
949350028332710656
-187072624
-443781970
-943553377
-542976675
444932904357133952
70772882430919824
-565543437
876637168296699648
-179740080
171783889640176416
191459383686918400
4027446132638569
-1065530729
-1005340049
99622250186765472
-94720813
-514461967
208730820071145120
108816326099000816
1059184944422420608
-999271249
-819423476
-460951017
674332337051953280
-765893048
-188564546
-616022952
-108729922
-853287476
-357734040
-871098
-408218925
269904600553246112
-381428257
434050090742048384
7309923393969
196916194280769600
-919066231
372884571791419008
560570543921933312
-660058210
-954510405
-1062667431
247398763862209440
-836530522
344207737540840000
-510196596
149914585288426400
874012048019793280
-225890393
-700720048
621586665152536320
-423448750
1005104050264195712
-941364210
515668098308115584
-941540568
194452990452570560
571783867860455040
-201471213
-25576283
71568456545524224
-711589337
-549723181
-640525263
563781813411651136
-504836776
495202196362129920
-901832279
740711225762180736
-171500435
280245720135936032
-570705711
-1017066710
-962149893
100202826865986608
3609905364270144
-436603981
-834667665
38418614292475560
-380120111
-112819371
-487546860
118371285333946096
-1031730594
13416135313553764
-957614518
853734193207800192
-547624471
195272066861872096
-481666212
-51817006
-904355671
1151156727710717824
-222520115
-372237170
200801784323392640
-107489160
-684712512
-182973429
-540970917
849164151977064960
-920662006
-601764233
42197453637955344
521666925236568256
-455197951
-609763251
622755195644263168
269853391479274208
358967105147940480
213456841021126624
795440598227554816
-628610565
839802634576466560
-714178613
