596253249963153280
-823448505
-36661697
77760448439916032
899566811148601600
-269589809
-355139284
487647133880734912
70349468363806568
403527527543043584
211568608924310880
415740985329801600
-933770631
861802249865636352
-56767330
-1018795170
-996848569
60503669140204096
470353301175624896
1116844829189352064
-437248726
-560990499
-100774315
-402753108
43687865083714928
703150450212804864
484706971681
-416318
913616303322528384
-187901984
-871076043
27488933654121
295567897258249216
665979902307390848
5044132580511249
-1027986780
13337965045851664
-715176211
891842708953074560
898976115555120128
-130700944
-609400429
-578731661
-477784724
-470775040
-334522450
447734017441972800
-898533208
-234699371
-732022122
45620616760967888
182986629632503232
101209861681980672
216021132556701696
31630517212887616
-364867956
248881867025016992
-1000519753
-170151242
895283395987658880
-823289485
-820935434
-693688065
519750736160634816
181674027268563776
-792295882
9516418457745424
-310707413
-31627006
-860000539
18985422438184800
14727519146025
-289682600
-666766741
-336352349
439078485093760576
-1019784194
227496416342632320
521134767506049344
53386335852657888
81306097602502080
-474313886
1149803802460746240
-1018261390
660130865632144
-42033175
-194087905
-212737595
-972475194
907278043330873600
-801059987
-289600683
1001542676504223744
497419742986249216
504360576685277376
-332788634
-682982059
-193058642
402901936095642624
1003155387197755392
3642839976131136
79111120226194080
-562285753
-359644822
804680774158560000
150135579136448928
-203436040
-456695012
-219168851
-710577901
-594372192
819579464228663552
-25589837
18325256470797720
200229923545301056
-456769702
-454433050
2272222207580224
67382804942209
-222465808
820541416978857728
386061475661787008
-627948879
745708666526797056
226652452910361
453989232658647360
185468966688088576
1129108882092003840
-275222942
-466655166
-45951903
-36264502
-367571280
31864977538369600
-520540698
90820746898147248
-397973619
4369334136681721
-552218196
184536915280915200
420625540177815040
25451543534089200
958852944798695424
452086824115708416
21907828631288356
-750756444
-302410401
852358317375456384
-639838314
157982140159787584
-257952412
83526597445779856
1108768053420030208
-298250737
112145434187738176
363126083883114752
-336661427
776689021974743680
-927430647
-428017884
-266937329
-1043952687
805717267863237632
1070791269202459776
919187206233555200
-202283036
352193752036457856
-596402865
308693897986016640
-411117380
366326649783568512
16936045579704968
138843775968261152
237329679739533472
-88387947
465445284282605056
440838661480339712
628599402645926912
-543873499
365747393956480896
-290642252
-856413153
906026916829309440
-588215838
-843565847
992202025664197888
-831926355
735316181598535680
223793277748115360
122126057409990544
1149589217410952192
22665519292518400
-473504565
362144052462947392
5683400149412241
-207894800
27472467460722024
433485870887880704
10964948705749802
-20424889
555946658242309632
-39404451
-1008335291
152185287792611584
105627502514822496
-408861629
316063264124991680
-970898220
75738043012167936
52984066171982400
2381018289071041
590829063954483584
687029917992637056
102380407337278224
563598577864992768
-1017607069
-896594400
-1009840011
21031149899652024
-546395242
1057445208137759360
189910743413100000
-60536892
-978228058
192023502833258496
73435127547397232
-932864430
39305186975708160
300384896823325632
219012423704967424
916517689869284352
14492290120709184
34340500652233800
703396323441056640
41783581784246928
60282414647751080
-6706775
925615395931068288
622988595521542784
-367265333
350257557386476992
886569909710755456
-310271754
-902591504
-842465382
954841370497702784
-759872727
35987585230931480
-302420474
968763365679435136
-867768536
638171742741936512
621167176921710464
-1024398081
107394395308927280
-439338564
-422214426
-489310243
708874843423172992
26503852047201368
-694460045
634191216610725248
50701586093196128
-120606769
181074407291764992
-193379457
-593247394
-44383205
-941435658
-967115881
389024039986818880
267150836167115040
8028009651903921
-174929466
16067651154381120
173428573561534080
-689899817
-489774956
879975467486645760
59697607752621720
-917664058
519671477882704896
26019877919195524
496617896546776256
667561281946735232
-265647534
1095965711640116096
-609334615
427083289038113408
-723359067
122487545916555264
-200686768
211860916021889280
575312297006046720
-1041295281
-848334767
639990512035164928
65877093677331552
-62027317
-59277772
129958149735485568
136631381656806976
-838076032
-502338669
-463517776
108741683980801600
89079739745893264
915666662296372864
-980545064
-525889507
-241369073
-998505386
-425328016
-1011665309
157267820419804896
5620393243595524
103967718689345536
-778060840
873186635713593600
286915636730144352
19158461971497216
28409384316298896
798214761575108992
9356125877330760
107724467868827360
-1046077566
96443750270631488
892715701825904896
164800540243243584
1005972922413460224
-1025039106
-947931024
-216369943
22231480656858000
118393427445571600
-402208088
-873929111
23067495518736384
-423486291
-494631609
-117165853
-57859018
-719704844
327272630537445952
-530196296
9509238999916930
-287921890
83893362305833088
-336390432
-857048865
951311324932202368
340797196955424384
20257378001069056
-1038213583
-119520205
-994333094
139534885350466592
950446866095736064
-684115893
198218457575809216
-596495456
6361818397176064
-117003339
-1035719648
-89079484
-756764958
99728235326546176
-819685484
2659781961809476
-127685751
262667707574947680
-40722587
61551208415425600
1010250118472432000
-469773534
40513428680256
-420133588
-591780263
32250062508984576
779555067014160640
-758448077
-701768865
-487545528
616906873104429696
-694337105
-261414527
83493448434524240
-1018129318
81554000750245328
383668086570405184
-1072552455
-193825942
149638946709508096
-488388132
-749352342
-610388392
4597801454268100
-834048048
-672909603
14193999814753476
646823994661601280
-363684708
716957123836504832
12051586264600088
-1055256911
253381800756841
-213738152
1061678381882261760
11946783581603650
-652389462
-760907437
-405201051
-23188101
-817223979
-1052991125
-830486490
222783567648209760
419678956432574208
95130811855540224
-533380271
190854737226870016
116600250924548528
13650772172037360
-315484259
-201474509
-111010120
-557665612
-691121478
419458759353136896
398541147041731712
219958481477209216
-843307420
-854746937
-859325370
229116232298443872
-427383150
456203291179219968
267128168956780352
-802398483
151160130593821568
-99787499
393179687059695552
226416504294699488
591345146402254848
44788465738716736
401935539812370496
1136393708996829952
-920850117
-701445881
-1053679600
28633965648453168
1566842151389449
616907696239739520
-83209391
-272213175
-739832225
-1024185325
-209310178
-1000921439
-309932462
232440961413086592
1006567818791746176
386523786652378368
135594636429121
296316115773849088
535618398451761
913491584783046400
-151119592
661930357587732736
24906410967157800
37533239375840784
69715131808757824
-489972615
-860613323
858456645676716032
-375848761
-868581515
321984072584451200
2156866794726400
264717243130185600
176109770955996416
2584112026242244
59124112329177008
10926912263824384
10821193967401024
-17527775
-325264309
80802471277640032
-316163194
171213994327696384
-746319585
310713439869563520
72570821241678400
-546655878
-446521338
-672729115
-296520005
-973926718
-836758661
-694920695
-168771159
-478670056
991738250980071424
-393430926
-330933532
324392176968770688
577910925912111872
-266735271
1017956023041696512
-1045651490
-861182250
-578708961
-673128595
-900080399
155363366914560000
-731490119
834036611035090432
-979419514
158721572766335136
-506836200
940594044196229248
189227014925363872
48718846677265440
982126867979552128
-552590909
-121540710
-397604338
-813739487
648463282271408000
1090859473629805440
-132012280
-698359355
-1050527162
-979779379
-496496635
-108113833
-916093326
-276240937
-840588400
-851307781
606067145217884800
141161364470238784
-74100367
319226110790966272
519626951370590144
-587331961
-360683731
-95763008
32207847025840704
-449748910
807917503639190016
-307124850
118176652335329344
917607494380765952
745102987367284352
-339825535
268095372441732896
-243191414
-141945931
-178181932
-30602700
-664042209
-250249246
187128232708737696
-31757554
-19423055
-1053986465
829958684853786496
-749965847
-240590915
-376540732
-90846361
-844993826
523775498914796160
-250314775
-770221030
672299065068156288
-674098128
173513257681199072
246455891534584096
292698692049355200
55912491697234176
-300240848
6177954655201156
-274457812
-756613469
819531878400
-606440971
1103373882299266688
1117792734088980608
277330058914735040
181524608150474304
-594695657
-790680615
-800981411
102250969463373024
843566793238319872
57468625555465608
-252408360
851875675432458752
-429635369
4069125953669401
-337776605
1084897441539146368
-528884290
616106914967597056
1008373407483456512
-964982293
581731134097834112
1033412857063105536
-15778725
322270040018188928
56355319651704512
-1043787558
-571609420
958534152155285504
-915269041
82627814096093760
-82655292
333958504867444928
-497895829
-922057323
-222939793
-358616735
583247654800162560
770134256244514176
473283807417712512
-865463673
-495659242
29217545215274024
-283917307
-412710428
-171144134
-705131931
-682404448
-1020902925
7710943480272484
-217799071
146733383864811840
982013559643836672
267881957319752160
-888391031
-545596826
7928712124275856
-1043393616
-58000920
837605518526568064
-163987410
-55135900
-432974651
95076050086962032
-368914433
-700445713
-530718943
-1033057747
263062945884804128
1140340668653083776
-900961831
-439507740
-895897938
25053966162095808
-402263495
-781844973
-128452791
-185374889
747069740534769408
1042812736352556800
417644160135555136
150273834310462848
-242753558
480808584389526144
867505544595649792
-288093241
79268368595846544
482271174860971008
9925632778600900
-985876057
976256269667944192
-528740066
-44428896
-609529393
-79077870
-768770586
-282287055
161991689487175744
-943889039
333312694316436032
303071315799071680
27720836766011536
-664289372
85566367874117024
889629837368436608
-134294736
-722708826
-162798643
-924084939
-93724644
933421597412076416
883524376738131072
-318235531
1019924728089379968
-909317285
-167771223
-267201384
-850167471
-151217015
-825985780
331967728555289664
-739712586
-300976961
289617613878400960
-771563835
-470344043
-182950477
11508774615007850
-204110793
364298699262281152
-868962724
64784900866403528
143903052374331360
-970821840
1063080286527744
-200520183
-474071529
393402907665769
-193621293
-197939409
-578392541
-1027687851
-554824451
274136997589797984
143304509612984048
-981285677
134503711885865536
31426735857015624
1140451071722845440
-157901754
484756153132262400
250156926618237600
-300238482
336542287882777216
136707795530069936
3871931086374649
1141317337722755200
170794525415881248
-385968020
274650517855210016
213807729421723456
-1029256714
611707885481529216
521425553376312512
-505979444
43474159463967240
479294653644721216
-993922415
-435193206
-597456460
-793093133
-378080616
-348329720
-236876962
994668521173167232
32373620611570680
5072235554897641
-240736344
1038034491197409792
249021719909019136
-805916947
57249586887161880
-873143359
75208076717628096
533870303219875520
-509818134
-757207986
-135166978
64560684810674808
50190844681795688
-254532827
-990196825
1007842753188583552
733190776030828800
-406070178
93019269138266032
101575102235497088
111099177209346624
-948560375
-463566423
440401214541363840
291597382085875776
-879631855
-50851256
1033843978170004224
-633860921
-50291094
341013560872304896
-613725182
-562898519
-133024063
302019121662776896
598521608403419136
469732657845425216
221701097384131584
95302013175625
441912392214957248
501678332135747200
-930288035
26305360600647076
11826733238116226
874249977768409472
-716952697
-165136385
737950209534800640
-589582484
248394385310456416
79440167149445040
30018334564
157620585466897280
434308020738291008
219923468469120192
-505229787
-38719831
-22928673
847617689648402560
25184492781427984
-748505304
276269910902000960
-935638810
153119694590383680
-690722349
-628945570
14520117450302500
460787395792527104
697120124604091264
667646409231083648
-1059889832
-917847930
764651025452746752
-971040582
628702547771783680
773754582375637632
934814970345173376
435434050888284352
158383966905428224
-501107509
-231126144
-425819842
599031525237470336
-884694595
16380843672028900
-885394995
-390923939
-760524040
-863537242
-126825366
-911721337
26895220677645376
-611794300
52300018514632728
975175216017217664
-788947572
-273178282
93708906446001024
-535316496
266595330574319616
-21015327
-314630083
-820254079
95209055756764608
-144108263
-839474222
800318506808090112
271809960992052960
-730990455
5845007233306609
49363799095919024
19422732834666224
-26550548
279733667729725760
66908946948499048
-28524398
-782427542
-328511893
59478184091198016
4442903955732544
-250536421
-610851663
-401546314
-537181664
13334018116974362
238940811052012736
-492808331
-247507137
573741502241622144
-823342686
283280966420517024
-571252564
452217182628728192
4625510267298816
349803735177610560
748245538700944384
380598108985795584
-380245374
105896198506475520
1595840706600625
-525854659
488833673067286592
-998051400
92829858526085184
275759620133701632
-1071827351
-466825785
255273486159273152
-401597004
-362654809
-1042277163
972795826992015616
-762617434
428249094909723840
-673115381
-324216976
-284322549
53076962087215640
-57333569
817420477701121920
-808400907
4199234531853001
-667588309
1072671167252281
-711750183
-1031945226
-19879606
1596999727825441
633018139729145600
-279193774
-705164007
89099956937753280
19122834982344920
-876836221
295644492173856000
-451968232
-121720835
-389779422
746524548560943488
841475204512819712
