-266350341
-405242470
-12698903
1098085091692689
-2583979
-934414016
-971014320
-959376357
513195698086936256
503505564543187584
-562294661
-1026070340
72761027095950400
832773660038606208
-822499200
16047730937170320
365278799810106112
86576403162051856
1028699392946772480
288289706661607232
-593133476
864771281629470464
56792091731515392
9163975388109026
-735025764
742417973390966400
727482669359994880
1101091856017636096
-1057033102
928398291391501440
91342628962583760
227105572527290592
-1031252827
758320829799586560
-656780165
-858570564
86236830494088560
63360945159432000
684121539148960000
159219371287966432
552236427253749952
12521982182165568
-310787652
735417842423584384
1128214774667702528
-1056599529
-618334386
1144278645447513600
-993460414
254211979882305760
-571037121
148050893326940032
629254261309563264
188909585159113824
348406305672706560
-681845195
-68794386
-1071187501
771712545270324096
981987836317564032
-106605553
-635879167
-73090086
952943559961734912
112729872199763024
2052750708373264
-583481348
-286088554
-399232024
-923998619
325275885715277632
-90820572
244198055931016000
25688504843242920
-558995774
-449336429
-810989738
4442266755710224
898364094513621248
285990325431880704
519037761791104512
70415961443203600
221986543081761440
1113551327857842176
-787936557
-118884294
-713029877
-861299189
-1055573806
263356803805392160
556258570256953600
848802505021286656
-852879639
1184712787997649
-187076726
38824894799154240
-1004977151
-716031417
793185324239506560
1059870264413000064
-834695580
-343436360
-468861768
626191153402918400
629254261309563264
188909585159113824
348406305672706560
-681845195
-68794386
-1071187501
771712545270324096
981987836317564032
-106605553
-635879167
-73090086
952943559961734912
112729872199763024
2052750708373264
-583481348
-286088554
-399232024
-923998619
325275885715277632
-90820572
244198055931016000
25688504843242920
-558995774
-449336429
-810989738
4442266755710224
898364094513621248
285990325431880704
519037761791104512
70415961443203600
221986543081761440
1113551327857842176
-787936557
-118884294
-713029877
-861299189
-1055573806
263356803805392160
556258570256953600
848802505021286656
-852879639
1184712787997649
-187076726
38824894799154240
-1004977151
-716031417
793185324239506560
1059870264413000064
-834695580
-343436360
-468861768
626191153402918400
-263104661
-968959310
-853205772
910198124080527744
-466130314
-412709202
616187174570472704
-686640026
559465131603064320
143857936550343744
-601685100
411939333192300032
-939051880
99082521873180176
-262572170
944544677653549440
-599172852
753114980292900608
852701506368661120
-251930117
-344869080
231887414010328608
-1029254757
489979483214769024
751559274653433856
175654498049187360
51110809929000000
-342405934
89011306536531136
21831655274052100
151941319208180096
958794482914026240
480320520262560000
-804171904
-718496396
911239826724058240
-343200811
76997833100007552
1105451727527576064
-434506388
922697224304832640
-655939826
-209591117
1119400886415874688
180872561538769
167161246607987776
1062070276894707712
-718705145
327450154225086016
390285807415016576
-335386908
84930562452252192
