-804309124
391280985171586624
-717454837
596056644325514240
1252864852180561
-738079896
-367178706
-977458341
-749366445
-561204698
-377715730
393016539291937344
415824066777719936
620597886148365312
-381558907
157725887347718592
-362268425
385959799076443648
-1025679801
142688825160161536
-704362422
-638297419
-1030723574
196253678029249
-689502427
-55824962
-114005218
-869040305
-58783935
-739341301
-780385819
877815252527546112
-118858076
-776871929
541797481488447872
536768720934930304
303074649752109952
-136294150
1103381968416849792
-816577369
1693596487782241
-310036860
154870163786908096
-640181191
-159434790
-1022625798
-729381358
-1027786370
-88612565
-217528263
48107089031558088
-117446922
68916485255055024
-55442214
-55299677
-532055314
-384427661
857209736409263488
-442287635
66651156142997904
9856172511514564
47773271549592576
267179170498600448
-691438492
-709523642
-967915668
53672350201551848
538116159701536128
534852419492274624
545181623912135744
-882405370
-99325703
-165663434
49176083668403344
-50203464
5355163991988196
-441541211
-38663275
358548280891936128
-272358760
601997590640491392
-780532966
-790802765
-561035421
21327814496607024
-11526995
-1034928817
360414049961476
-2703396
1077739192124005504
574177777514607232
-790390068
-242758648
7359779801927281
192656096681349184
283962912589470432
3349386449245456
1106415676101331968
844856331759884928
-157780865
647441400194104320
-926705091
389954385570505280
568375267070488896
-398994455
-1028033880
642023561808457984
-288594746
22803733785938704
440208100258203584
-101966114
-100889654
452904999791944576
-1006510210
-684932073
575258134264414784
-44958188
-884895307
-971180371
879938119560928512
-517057321
-519106617
1045339717966984960
144161618064164096
657940315923580800
864996475310185728
-416994435
950370163780921600
-976754842
1525512365764864
-479891408
719291744188497536
457586925432248064
336690874850489984
996413783016289024
253617569975348928
-549613624
530067411697685824
-603497611
-347031886
820253405887766912
89420990463364336
-485351710
279802344131025440
777296534185985280
1182164007942544
231973786524638048
608961528267136640
-980047995
206838358315291616
-371782817
-691811425
399425197008896832
6040930327390084
-681422818
15392014551735364
25056363912264440
-769608798
-150933068
-596311840
95659639127655632
561390289854589568
-514057695
-504336213
659725204635151232
1003823736268081920
508109535339264576
-805210225
139721316744163616
-868598329
-239680795
-652306904
509524753749025
360167789146276864
-65584040
-907750906
-38757525
-866973213
111439393679255232
691945003605588480
194637796506796640
-454650205
-160676647
824640333947438976
-774342056
-322044168
-403933251
-943238176
792681643416810496
667357154149360256
-692543133
157793728969177728
-164089940
-945739635
-828305221
644514363179277312
-417496408
-142934155
923101896638464
-814115236
-61441540
43973589237825640
3685224870838809
307609775807136832
-644054205
252542378027186816
-1004147101
-754676427
-282595353
-867616595
-673268089
1100699779674329600
860193426007041408
-912861450
-886152802
-370903687
810098329783999872
13684129255347488
-491510788
781300943001121
-743272299
-201172850
557117526484557504
-149103916
-679851855
-738179958
66354537978312512
-298237019
-291412637
290290269745390080
544687457258831360
394901781251476352
77813891372599392
-277710259
578620572579503744
195031644320272384
20414674682564760
252182550847684864
223252221483173184
276010407985423328
204216614242248960
788178971246091392
551776146169282304
918294778817641
-25933789
-1025764048
407056525312353856
905572646035492864
-925033557
-739743663
745892616248260992
-1064972704
-124778614
-10108910
433624918246104704
-214997551
-726103897
393702432419037440
380047772878101888
-651578595
45140993363881800
23353983880930608
-950032373
-316063629
320886956887384832
-164351650
105070205981750416
-899098647
649479587383985280
-859523455
-440592564
340098197421695744
-164230767
4145573350060129
-257571835
-362105771
609987148160227584
-968366703
927671791911840000
-430314221
16924109292363024
-516066183
-241086583
-205435116
12431777690485924
264889693753363456
58907899933993008
17179300336228900
430723369023376
13924285325461680
5503487965137009
-167218206
-664457829
-326585562
735025402697250688
-38891609
630155066464224896
-143805341
472577304921711872
938532070758265216
-809573176
950970807392737024
-976513169
366580934894444160
-880557528
807105869611085568
218335174694142016
340030447014962240
248000302861778944
-250001224
-450135404
380473666608975616
384815328605861888
18006958783800100
308088810544410240
-1062539911
-359955298
103498264138754528
-924458132
34431870823159824
484550612966503232
573528188779640704
889797184347078272
938179989559098752
-806656121
-391264826
-68432333
-252884462
514547074273280704
-737825984
635813161197460608
-858221875
-18582712
144430745156364288
4054524090771025
198141652564364608
1096230082493364608
1009327232473395328
-912303464
985092325720294272
-153371554
747244363080752768
16938066952176240
29062218640790916
-875874266
495049883865578624
347223848582934976
350803812187120384
2477950035696144
224565858745742816
324860782903497600
872151578057113600
456133004772678016
-588664867
1388793140245225
684050332896809344
-98136483
-603363500
-183548267
-820309950
672823598333579008
5988492085081104
-463318931
-822966096
