-697337298
5171953198861849
424661454179807296
-53536929
162800480117722240
316172313506512320
81257667133863024
-25110956
-1005735686
-509786212
553196069500481280
1121785012904286848
-208069398
429948526395387584
-801938698
452799209135516352
250792033325039648
-232282463
129367743590134736
-703865336
82885474327640624
-794336638
-341664763
138662943266320224
498026691608043840
388444840499778624
694341339382875008
168666986594448224
-140507359
598472760110684928
-816306756
17092483999103530
342032125773106112
-347666182
-247301367
26553089018806596
-866850720
257169665961668192
339788909767707392
375044349695553344
16708985473824080
-194093610
107737877799684192
-315675256
-452913816
-890654104
134762716161573888
-363462582
-935605632
3423791180475241
935034930009649792
352463188644009
172205441605309216
812785902337496064
7876834254843961
871415525078974464
-288427
162506655933626464
-225191044
-779693919
-785594123
264982891976712096
-866847046
1034054122948092288
123875500902954256
-650189763
932685895430142720
379391182320233024
1039582920166769664
-586357943
1003022614604367872
49502814214613840
95490029193452096
73976289544902272
176373070627843584
98372421987263520
-56325200
17884282594336900
464888797029761792
28182525295804324
133130570068925648
-1016731172
661045046955245824
-725508106
-1069680503
-307310984
-447554510
395995514590245056
1150653162859250688
-391943603
-322920392
493033125730406976
12228923014660520
-651366057
105886401079236656
871578459554832256
-256356927
311373222692293696
-796700391
1110940404450026880
300420305373769
66189835952013320
239922277559792704
157727471174672384
-1021248333
-420743888
-362580445
-898822850
198808837068983712
303319424580624
-219368058
-667682542
-339412503
843853099336611968
-957021959
497203461386674240
582692550915860096
-943492969
-316920616
-756275959
-853186430
-362670317
888906691886421248
-612741170
1033200234262859776
-968610413
-838017548
-1003161464
-900963925
156580978962891040
341809566722122048
558827955490353472
-646168956
35610734173460356
173074353574599488
934653500380192896
-515336146
141050754014621056
-973019453
-637075819
334145164447256448
-461670818
-990568270
448825930535657280
-707948782
-249777498
-756466093
1355743328976400
-591241250
56140691073792360
998284368479777792
-153687190
-647939222
-259455674
67439848126899888
-1015760559
182469056411832960
433477956998804032
-752521545
-89452116
-674736254
-85229831
1711392837192256
-827522195
-542414826
-306321649
-696261065
135460776000401296
389141034561643200
-484984340
-261540574
19891551865732568
54821782169308320
-304257440
-1041222429
117880592899029488
736678824769201408
-13706743
671768446606713856
-634339994
-33017795
-380625421
-995755724
367693381445107584
323698504056206400
-104582283
-848272752
-522233830
609285183377393920
-395673346
-262083926
1003608481424443520
1009219375831188608
-518460847
-787652780
-320965920
-890001352
-167662157
-226379629
-48877715
-925277082
480695509388814720
-484152572
-291086511
450323721995243072
-514507399
-415754376
-368769985
-787622341
943819149605609600
55844528258751960
114903943508924960
-334921548
114621499727636848
78247672303445312
-1017437238
465864361227290048
-234190879
737436180650209920
926629684745619968
1070685441728754688
465997170269141312
59694566848480656
-835686907
-469518623
-256969320
-304851008
-254265118
2145314789556849
-574963789
-532403761
339803815046055872
-670566675
-34648497
-624000050
-172418857
378619659838525312
-190361889
1076133429689094144
26495152401635856
73259407433892000
-679687590
-275778953
198362652280083744
-688077322
-508709181
144087867377711936
780672235362635904
-1006920187
-870200760
-252354392
547428984554113600
292431961450485824
-79397658
305731673368806400
-1053682455
-155183083
67207227549370624
373798871731828608
-639053123
-475953646
77358559782228624
-142123153
12419717802244
382568796480531584
-639762963
891467236950632320
-467614125
179462515850666880
-254508548
80214947120884352
-492038639
522713980505889792
-613045270
723544282472139904
-875031361
666266907950538112
-42987952
-354506249
-370987720
443228110230871680
-369319117
-806530564
-472313310
702145652411577088
-674822500
-483798160
1417543960581225
220846436407404192
-205376540
-137285628
-556404825
90868792609140096
-81019576
-812064233
-1061336288
585028107093432576
1071940383056509440
-732086573
686046464627249920
-379613082
1122478984188961536
255240851635081
21655247692442840
-731972796
618456734113720832
406688569243441
298525876659046656
281745784303236096
810143594163412480
455785631755288576
546039234188744960
657380715984432384
1074654329196797440
459930344971269312
848779448604337408
251554964423922912
-82946421
208727604627668576
-114250660
521887226355475904
61683015448750336
99645812091228000
209675525563173600
262586113932664896
-305795372
-214043885
181670342934697696
922775856425572864
-222013767
-954517418
495013341076704000
960863452817726336
791185539882932096
-572490333
595976781821855616
164742079598325120
-880105135
-587845968
-212206460
-254600225
274678935821596928
-490986798
186656812706176576
69113448200330688
242736269484156544
27619278966440100
32998044198635044
17257914527061924
-906060838
-158159720
436524190042251520
737180632871033088
-661032306
290982635151931968
-293370717
-432087456
-1032738399
-859095148
287917118752069920
-737287950
64572644267790400
-224391566
20680297362505764
-769952304
-890084180
303652932868671360
752939105611127040
70951273207707208
-184079429
-91871847
-609844130
-511032634
663454331472243584
-1001626758
362391350886376064
-426855684
380634803415054272
-83583368
22972905610104024
375475963462074240
-467512095
-406003286
804985041210291456
-544135573
-333246378
1115297037365452544
264816618123289600
-192795879
633884258099532160
20820545747187168
-970845820
-1054956111
-448158929
213702369404375296
-663373566
1012708821977253760
925190420705085312
-359889838
129901761131239168
-749592262
57958990413160224
4772507036555556
18623701166817124
-917937757
-292325064
202987365688780864
1685330335200625
225904658304249792
223658124672055328
120896992345192704
-615235869
-270530761
1073861452807853952
-961912269
839757668897087360
77184933107715232
189860165797727296
-686713538
9312264282005476
-455219572
903027091337445376
-287001831
289144712686368384
-93742985
-408677238
605125377749598592
6536991086458921
123177565546491456
-922381318
152008511181870720
-1024954490
-867557856
-994892459
611487739197544192
-444658615
52645750511637920
19174478167363600
486452728112103424
810746068316585728
-560715169
-1007593439
-977886557
-276283174
-924956228
-1161520
42204245924358400
14707526907315648
3434475816568801
3995768701440649
-979517380
-530011568
199064685818555648
-890633110
-114854951
-645241592
-834091882
-898510433
984566990401687040
252896516554830624
289868786227151040
-890111056
7451297776810000
-841726489
-481741251
-867668585
451723202085709248
-887280197
1142588788450463616
1052298100665535744
283022529553909920
1187972227782729
-626767529
938668382863302016
119098534303968032
1063479584064646272
-962713549
-364724914
-475753635
-583350624
580168603250496000
1499149500197904
-58606150
-98298209
-402640116
1135104389656502784
-618717867
530542951361834432
-1053294992
-601953748
21826131344996416
-1018823366
-216974383
38802997248135696
-1072669986
18121743150616576
516239960861537664
681779180440428800
634697556509646336
-19097450
-40548231
-105775308
594308161038167040
13764987850761224
925787450467394048
-144634504
514928968467473152
119323076636475632
-154897277
-497585669
662819378795565568
1083613681657487616
10394085719029320
239209642397434368
-694365519
356400374596186176
-853989012
372776392062172224
-929839528
36720116863503840
74901804282163600
-751325739
900571698914331904
19741783165767936
-329660350
-461483258
190957199434304000
633672819753776128
1018433127046572544
-314034922
700185040371442432
47514218843329224
-1031842321
-635674594
-457530739
-287098471
-612447316
-546493906
83938810629578112
-94186690
579169930289493888
61855195724874304
-396565898
-1054457625
-977349822
484013397574389824
200416497785296160
81954157157613232
-22200216
-267240572
-1053120106
1137571912601846528
1585099653156100
97677128615827216
-781821399
-399384235
-618309125
179901753247399808
-239349859
53932380408038520
-476715341
-923006751
1531531710074521
616114792497899648
-497965004
705798416906901376
238471324205926560
-295163558
1132422756694531584
1034133282821433600
722194555889214848
-74462972
465971379127047360
406453495222998912
1064313305897716992
-987439979
-203097252
157892894592897312
-1045240660
-332832817
-56703567
-450881828
22028041049793156
54157441962276
823518765231546368
-625528748
-198032642
977476523467167360
38682205788949776
14878647609275844
-237179472
-821849450
-705787726
-578057145
-880368759
122011663650822400
11044091377720384
8967900601
667107551459976448
834219900633970432
-858593300
65418887310830240
-832567653
116822167059471248
-6361264
36652983035297344
257665881664
604572392179141120
-276261735
251909978147446336
262927870361315328
-994884574
28787493210000624
608068585705200640
988523738445486720
-610360811
-107797859
-586246686
-1035155655
611483025450387584
-936245483
-59914424
-373400324
1096312184278025600
399216644966308608
-14710623
-655291708
973888947036218112
893869124071003392
1021407388928410240
303923249655599040
1087667185579388544
-298594298
25757275378877288
393126287602678592
-464743775
765535154136001024
-34218133
-463521482
1085937043498146944
98212487316128656
-373263770
-354397034
-191280224
-285329342
-772230117
430355480796463104
-907412230
-908726558
-567550114
-289332072
924534556339840000
-374528806
-407558287
522603462926059712
385158818874499200
-71125961
-930484980
-336918917
9149839997801616
-753523904
-638960377
544079655968942912
-926637773
-201496410
-1041339492
-790570159
-445085054
-429183599
-752725189
-324636168
369625397871808512
106335530718229264
-339623151
640655340476327296
-975357151
-295723780
774781169612603264
937932467384586496
-169094228
643821789325513984
117394530222837904
-94500989
-936356641
740464919080360320
-448584963
-854759006
7377692311528036
-129492427
55503412356590880
10430562023995128
-538759739
1080547383107303680
-396219770
-126106063
46971756360199224
233519962048297024
449755795149445824
469129913117748096
-520752535
624329242707335936
934670198588998016
-71801384
-380032277
-30235022
127241171564528032
-277741003
322559280782036672
-465587756
-409728122
358345703263708224
-207486471
747032379388501760
-234807274
188226216436006112
-379003829
-1004665173
-383952325
-183623834
-467519102
24908347743021368
280841337363069024
121776566339490048
-153553835
37105551777584200
-344897721
-768526679
-374772917
46232534336985440
277423557884356128
362393296519032128
-339415430
-545552426
960980963232213248
-410873470
381645403276546240
62091508152532328
-1037430313
162078277328986240
45132625215804024
113340265327411600
499244051949193856
6697165758181369
1145247472480120192
103489989241960000
1028611193786184064
247900793267591424
-207538500
-236957448
462883067538850816
-108883725
-118006095
841835971757342848
158120011914311040
149184273038440000
-601974226
-782589360
-375728386
-562908739
-832936019
15359419720131876
-477343080
112850765491982400
578578721210566144
-937150443
-633053837
543573237138349632
156505483947907584
354536911098920512
285223841258536320
-301969725
-812962342
-189350168
31237428094123688
107621338167089568
-69057077
-324926957
-920349678
-562184695
66183665125183320
-194072516
-60690010
974215150692577664
-665025966
61444009547676488
4100366859287449
-347824433
18425622881748196
141522346221204480
-1069133180
12550687963201608
1280666639678409
-133325883
-991004100
-1017128913
-322068270
514833295800209408
-652852044
-286557106
-57867101
34859616246704600
-220810249
515372790237564224
393389743550331008
880089144613342208
-1018046474
-171607036
-433664799
435060784612756160
-172448505
377122498293617984
277550523242809600
-402438245
-704554731
-419094658
-795676014
-563531650
-239126837
25355965479340356
-64799736
-138915771
101836678313011216
1729935723510016
-586655819
328114278155635584
556540615288184000
-1073625797
927094397769052544
-211743733
580605423628748032
-996557440
-598655317
-481487394
896054303248899584
265538681342847040
-293905457
-839384847
-945976656
-502306782
27857463452289
45884506897582864
-965246138
108223947285690896
3831228953074084
-337903240
5449899555199225
-557748465
-863948532
111387950294401
-199711957
697034140413347072
153766560387332032
-119643747
43565361277402560
802851080575219712
4884296901185025
401069853883179136
1323294932248641
176968842172515904
-398593481
531368478638266560
-475489774
98993008479823936
-593593546
13734407853332100
-1042606295
-837104448
-1038774754
-18606996
87485419745511648
-108289444
961854466498338432
324033107429683584
654546606690059264
-927666768
-571711521
16634073420922500
90353150553408064
-57749237
10217985366570600
365570714654562496
-850543551
-173625118
-893796569
918701406577222144
-852736692
-344502270
636160889863720832
-211877908
-596032147
-322541145
614924972779110400
-236845331
683895104997963008
127492966913234336
376847809701593344
-230192510
890318840121128832
666256575876031360
36004253790041160
8502817067339841
116072969232897888
892481849363130624
1098162239518628480
14081283733222226
1742580404339076
-870766355
36526430497069880
-764186123
-126890448
476037064419998464
239002207317390400
-989675623
113688924110005920
722233556369308544
42667521909237120
852438254569085568
-304826350
-130372842
-440893810
-491050294
-513390660
633753462326768256
4461195309152400
290597434148668224
310956197671105152
-73490946
588280630525767936
-784235086
558580957060376640
287361195234220960
960345067865512704
355526961889507520
549832906889638592
-763390277
93297034403521
890683300003876864
-89209598
-414691733
539837267426243712
628384567000794752
199053558577630976
-1017399154
-168461710
-544988400
949755916025157760
-163211273
-814541303
-36088155
134436914927647200
4845368609777124
741183463351855872
428760257104515648
-218762851
621701778002378368
342586646552124352
574539337976647808
4568941130287249
-640165716
-756063123
221848817726873408
-373756179
79868509883089936
-950866907
754753214247784960
-741658298
-259195779
352199553716912832
75480096628106576
-315311265
564513203612037952
1140989037425341440
-747946169
-20029369
-513369956
697459594610135296
3280324592677924
761632399794043008
19748570162515236
812711970002062848
-138882378
405866246423810944
57161110282874400
315420025704419584
-965445232
172676506771402368
594666244311231488
-93597503
-352937329
-670246432
-865813574
12895738691072836
-826244303
197003475847741696
631490179949182080
321455217893503680
-753757670
