-264523446
160580166912529
22624405389576768
-740220681
9411013245682128
-112543187
697461259881214464
-108397068
26208785568690728
-121539082
93876379375875632
-895794831
-420494497
1038692346127330048
-97524883
700180948569176704
38958871505680328
-532775653
776633941724993664
446539680468172544
49355818725273024
-675413344
-471304615
-752399785
882017624995148416
-272978043
-654464247
653458896177122048
877034879693971200
-964856370
72988989981244512
-936593691
7197677300443876
275032959716350816
940411383272098560
921736263596456960
-568982371
131223822883427520
735307489945522688
151266535565680128
-127433524
707374450566144
-509710396
1040145317508021888
-665282086
-563340552
-529339055
952605483236130816
-615005366
687913752157658240
654719044003057920
862022587086441216
-590914877
-53018352
-115329681
-993042919
38801777134098888
4501890660976900
-427005145
253389719958186240
586963153872662400
-779590964
-995696770
-108560264
-341668688
-967785705
-122862134
706397043917644160
109959843295744224
-19725890
-1071718703
182689852070961
157951133482342240
-350071245
-773903315
254928974200967040
-382927849
595881252772769408
189730750935474240
-672127519
214130728662523456
-424973285
407833872088913280
257486133497737216
542144630386012352
416130773822360128
-420538724
-323816854
-163768749
2035288425017241
676581153858254080
1030312344631236736
725832352508176
1091583341975018240
-737849523
968453221353843712
-320446112
-859242340
-1066486056
-605918047
401194267865040384
251669254145591520
-65542277
-464907047
-630659215
507394638037999296
-70516591
576070298149702528
7854067147080625
32511830250778384
1064935569755694080
886567376866630784
21661368099340224
-89992226
258289172344810080
907478708579999360
69635712802782024
-693223595
289780039741581824
203415526067338816
415393521650007616
303774032035116032
733804533463175040
-304109146
926106409315539072
998180180689784960
-374407576
-387709210
374922742546659904
-964251192
981992632535911424
-604600920
-401257712
686810337328324480
661329304022390528
142489872255586256
-225574641
-39557194
423323246035829760
-99557935
-594433069
-473022974
-605165069
278153020440992448
-816457722
-1050030270
107358846212933600
-876743271
-678609982
-466883825
213085728096737408
212424776222349376
-762283136
-366837619
-997418425
-883703706
813644457006925440
214575869205882400
-156608333
291052918241172032
5634651686676489
-857382419
943514405772809856
104434869422528656
556040475895238656
-991818026
910261027133064064
372217639256430720
-447931625
-961814026
632963836347979520
256101912765526144
-1020549172
126856414260384560
55752560896519200
864575997889472512
-510471084
-675207842
1022191999718922752
207635683856924576
-735144080
-822337660
-60776296
46843876774098368
286589018385289216
-192975908
268416948644063520
73994730876361
324386652314933312
278443312883552960
210923055203487200
27912615122934720
-710040995
407198206442305600
40870696120260488
684821079539367296
-693446703
-896894702
-906432637
243263676905276320
157324851572196960
518185095077055040
17057471685313536
-801906896
-142982746
-738589310
281570440408108992
-871577080
-49152489
-1040039706
-91609715
726554632390191104
255750010782286336
684640764004667136
-593895460
-20756370
197406484277205024
21972031510796964
-248787678
-1035491227
-450951330
645674701137177344
145591331823319680
-91446049
1028365914887255936
586373143669502848
-667756942
770761058562100224
-438198211
9552996176724900
-548201871
-551350128
-640738961
717244901440959360
8823285812928409
-686271910
18693901727214736
600060309688817664
27532794767408100
97934594931151232
1001184414501889024
-661310039
194822153611663872
-983232098
175305090191973056
172107362614763520
891588029404529664
-84254386
-991826743
296168909360412864
-602820062
-310071786
39320168974473320
-408590252
701677393373983360
-782138196
-759391906
-1052199726
86562071388920240
-467750977
4444821430216036
575334065973668544
1042869388216194304
5678492524427529
-649312994
360793778677009920
126848487485150208
-15984804
-915932453
130147043815194288
471876171628894080
52528155110126656
-493415216
-98213886
14994243972372196
66395208472346328
-682644837
465504879461472384
-1006865822
-502189297
-541221255
-656479411
27460123258387368
209751353894605632
-9493953
555315912930067520
361977750481473408
403460075691645184
51557319870016904
-2142561
159108040987881056
285256809952150688
248163629698460032
61309103635989504
89827709734394944
318987716990080576
608394700691539584
596991613782600960
100026876095386560
15894914702401296
-121836526
462728818035810240
71346028182473528
368468222726715584
-565262788
525445763382398912
-516027730
-898941518
-71910447
250989359900954688
28631900238413956
4518158025390025
-87518245
-1033541927
-761055512
-576425109
-208157431
-564973116
-34899074
-372521715
-890080386
76013234893980480
-533599308
400572356718148160
460054529768600832
234794843726857568
173142754357939072
18555220655567400
-249575003
-237512700
227683474039991040
611733382779838208
-82846508
-381355458
70200158447265624
38908618978171680
-550953629
-342879631
-121739104
-472034678
744924738216731136
476529886956119360
1065056297716859904
451626033234063104
948875657127790080
304279651014402048
172786801346037120
82963167507225632
720926548794532096
40074889820256768
97757385546150624
-857016045
2243538998052121
233121209899070528
-1000978216
-779525098
-282933036
-765436121
1098291080293994880
-495490468
-261944851
85126342566356096
2610011433769441
504866210530784384
-515585087
-562927909
1101154495568191744
481984056666512640
11416981481276176
762362658896454272
-557058251
63690008282404
-958259125
926002044100000000
489265012622435328
-340373798
-233712752
-620985024
-574582882
-802818226
-357369689
-59236217
897022191838627968
586308107257947392
173266475093398400
-461740995
187457956051150816
-489703211
25839402862510448
162103953891550624
1061776428713681792
80389292655363136
-906569043
69069248004263520
1013854603939461760
425576680058163456
329377120995755072
9852042373077024
-891920412
1045685677817605632
51117053914274480
-846650431
981380034246205440
-718859794
157931330927874016
875580452187193600
-778449436
22529805264065124
153667881801225
-922005936
54202608172895296
-79758449
349727597067599552
-627161334
390636872590212032
-634052668
-208900485
518911484503112128
-770330317
75602225114953744
-816190993
-1031739023
61721131284389640
58207539380937768
-775473778
475137194817049472
706134173060409984
-328781286
-430449813
-914143096
-352002840
-637933966
974077690821710080
-466637720
758063767492530688
-884330139
72578883222330496
124358778846450800
-760931179
503834533298902720
511956872630931456
437282898376405632
20171023079424528
-87707169
-800718665
1005609578855951744
-527906359
-624074150
-821480642
-387685165
991292533968015488
166049372286216736
-957957692
-460476310
-912609803
-1021788219
12449938231809
892433401380946432
666255323756154624
-939055847
55048495517208960
266694859121605792
639955642368620160
538052693614645504
739799793211054848
-8598318
-685160779
464216052260032576
53350846185076440
20178922699926224
-403971014
258139750390000704
-787546548
98524763759810112
-35278005
514502244223981952
-735291162
117177867510375840
2780042570279881
725932148648877312
445067245586028800
-882850623
571303724460327744
177692612785152256
-335128940
-38308170
397215670061232320
42116939429774400
-884413487
-390271375
-617649298
-622998046
628519611912274944
133992537343107920
-294983576
-553151375
-62379577
361450563868777728
639781154711504128
679068246636976768
914002525426552832
642461168012856576
671475100793120640
-941419206
347133628586142784
329129056722267008
293317998264090432
-738809367
-1044838878
-663645488
868243573166525056
254748591476872512
2579645127102849
-653405748
-558840158
9364918498155080
-540212331
-664128001
-889260703
547484085134805632
336371755752873792
499864086079827584
2129174510994441
355995332237061120
1011863677524093824
1093832073354361472
550301401903796672
-983344945
889945960701558784
212295158045370176
-451537927
73844361854862480
81413114741127232
674692226640180096
-61974846
-565853811
-633844367
853536296115019008
-602423741
-137807553
-772396844
-288346887
117279959118254688
321650993023265920
679918819918753792
518493614305910080
-372613205
621194659945729
128890994035738560
2062771651720516
-229889524
-86418213
-830924519
-340562514
-512737815
-221196459
726370739257490560
-456520989
-1045342540
-421146585
26933287093441
702558940619027840
-737911780
-138237968
-525713765
-264252803
-114713613
-944638508
-277909256
1061686507457029504
-1010696922
93565974592971360
831840127577289984
1048596103264353920
-249786678
520939830330931456
1284529469550889
-536262883
-690217238
780243642028908160
1107141317513308928
-100301953
343471049604097024
-435992301
288646507781805632
-1047152208
-1699357
141857936675947584
-832524013
-330767362
-42031702
-511745560
81802475168142400
245681767933309760
-305851569
700070491161431168
766081489022899328
-342344195
-1069121073
52776195441412800
-475368293
297525984321330624
313210880461271296
-388523838
-48112466
765691762205346176
-716894142
271845030476535200
-70916455
385165255885417216
682684830454058752
704372155581267712
-353912477
642662169072812672
700906485554496384
-628007515
133768438728455040
-138714447
-311614932
847347211659475968
-555274471
-260457855
347243801112629504
178422678298781568
-542019742
3420908141560900
93489671097291248
86923138594253808
461482974629445952
-822806435
-116893817
1010258161394608000
-687928155
-728034758
63160367184445696
640792381109157248
16338246131680202
16512504944984064
-953797573
1148340868047768960
67600534041054728
-900485975
87470070062519232
341110345700761728
-85398989
-830358036
-383934829
-845558315
1018580009614067968
282469682960712896
-693439550
16877186724099528
-133499898
-986530065
-259396471
-216047503
31873374019758648
898161152919186048
23889938903327024
848675485797807360
75585422779393024
187752061769395584
-628687085
994650940305309440
823167818656837376
160656334909737248
-887700859
394890806738617664
4247294563755441
637558457817966080
214401592734758400
9414262791711376
-535117810
-761626864
35389424857875984
493649938567516672
15501618285195024
111009957921301760
105209959066557408
-625340246
533000146104588096
50583030452091224
662462992563543680
29823973695123720
-860338049
-864604387
-153014565
973702021394247680
451286651331953280
-125775347
651860589664987904
231102106875948032
-950817587
-743765434
-159896210
121187638139782208
-503416485
850839176845932544
480552726150562816
-742506417
-630412672
-979605166
1430026410176100
-261412838
530250332939678400
-868078632
448455401659024384
972315583785088384
-289355129
31356190619164848
974977730021075200
411133809533614592
153842753778820096
-383476101
-512104391
717755373322166912
-290764419
90622184414195344
-925485880
-1071493382
469300021458438592
828691044864894848
-237810173
-402367389
-706843276
-787915987
73576372625122496
-603001307
-757606727
-854171794
233840618997065824
-554683536
155175862513352992
-637829740
822725427409021184
-302722314
53114776278810624
327276786121372224
83891090936809744
65082057541093608
-905779412
-618213851
946181671275127424
148984474262904896
843283376949953664
-122132459
11264018829654724
17990692993513322
-814367955
689335008570288128
19242844992090724
-682706406
-148982866
13784152399164900
-210942804
48907418921447520
-251331286
-830611949
3886715109425625
856330050683860864
1063842578424937856
485109200727791744
348448345224077952
10612199421180900
92612438420034720
-164372651
3421234632325041
729823381294940160
594348355623966848
1018731763663815168
-699203427
631013333591529472
-342299851
-659041067
-731291626
414661374061275392
934537641812546688
-813118370
-179806447
-152790133
265515704414265600
-553332340
-817832868
-818016029
-612741790
