1.4058e+17
8.79137e+16
-8.7526e+08
-5.85233e+08
9.68055e+16
-9.76606e+08
5.20662e+17
-9.21321e+08
-1.09002e+08
1.97475e+17
1.134e+17
8.94123e+16
1.13834e+18
-3.39793e+08
9.35772e+17
4.97029e+17
3.56793e+17
-7.61097e+08
1.13177e+17
-1.24338e+08
1.96921e+17
-9.50618e+08
-1.39484e+08
-2.00462e+08
-5.71934e+08
-1.0638e+09
-6.79299e+08
9.93458e+17
-1.74137e+08
-9.71412e+08
9.27523e+16
4.23334e+17
6.5018e+16
1.79689e+17
2.89444e+17
7.14958e+17
2.19904e+17
1.82519e+17
-6.29997e+08
-5.91615e+08
6.5629e+17
1.84904e+16
7.83335e+17
2.54367e+17
8.78061e+17
-1.6931e+08
-7.28847e+07
2.26513e+17
-5.38973e+08
-8.79403e+08
1.7837e+16
1.14948e+18
-7.29583e+08
-4.27376e+08
1.42968e+17
-5.67871e+08
1.99388e+17
-1.00109e+09
2.39599e+17
4.67401e+16
-4.25325e+08
-3.40787e+08
2.65581e+17
2.35614e+15
-6.28505e+08
4.0605e+17
7.46039e+14
7.73732e+16
8.47472e+17
7.38918e+17
-9.76307e+08
1.00265e+16
-2.94277e+08
2.51749e+17
2.02784e+17
4.29951e+17
-8.67994e+08
-7.96265e+08
-2.36647e+08
8.07487e+17
3.17472e+16
3.8911e+17
1.0672e+18
9.68441e+16
-8.54452e+08
7.00139e+17
-5.80396e+08
8.03007e+17
1.94682e+17
2.01051e+17
6.94749e+17
-9.87627e+08
-1.04139e+08
-1.99654e+08
-8.84076e+08
-6.27686e+08
6.73124e+17
3.60036e+16
-2.25693e+08
-7.96326e+08
-5.69754e+08
-5.4182e+08
-3.78551e+08
1.20435e+16
1.76542e+16
7.62666e+17
-1.73847e+08
3.93234e+16
-8.35771e+08
-4.00102e+08
6.43575e+17
-2.51068e+08
4.51909e+17
-3.46398e+07
-7.51317e+08
1.36458e+16
3.89972e+17
2.66559e+16
3.72623e+17
-3.28295e+08
1.64329e+17
-1.58882e+08
-8.23887e+08
-7.68197e+08
-8.8769e+08
2.95668e+17
5.15851e+17
-5.06008e+08
-5.80621e+08
-6.28976e+08
7.04218e+17
-7.07658e+08
4.26849e+17
-3.73753e+08
-1.05259e+09
3.62787e+17
-9.69198e+07
-7.6587e+08
1.51404e+17
3.89751e+17
4.96215e+17
-1.04163e+09
-9.30905e+08
-1.28198e+08
-7.82534e+08
-6.48385e+08
4.9687e+17
9.47328e+17
-4.21307e+08
-4.14399e+08
3.8053e+17
-3.20571e+07
2.05848e+17
1.4575e+17
2.3996e+17
6.73377e+16
-2.17617e+07
7.75548e+17
-4.52294e+08
1.78195e+16
-2.92881e+08
-5.16127e+08
-3.75343e+08
-6.51064e+08
8.29654e+17
6.40705e+17
3.11523e+17
5.01282e+17
-1.04881e+09
-3.34233e+08
8.07487e+17
6.50454e+17
-4.54395e+08
3.28898e+17
-4.51283e+08
-7.95664e+08
-3.19631e+08
-7.67962e+07
-8.95818e+08
6.86545e+14
-6.93346e+08
-3.89138e+08
6.40216e+17
-1.1483e+08
-6.31673e+08
-2.07552e+08
-3.12853e+08
8.14377e+17
-6.01668e+08
-6.53329e+08
-8.76141e+08
1.7971e+16
-2.28485e+08
-1.98166e+08
5.68849e+17
7.78101e+17
2.72365e+17
6.94003e+16
-4.43966e+08
-7.26371e+07
-4.45967e+08
-3.22834e+08
9.01287e+16
-4.23567e+08
-1.069e+09
4.98813e+17
-6.24708e+08
2.65602e+17
-8.39813e+08
-3.55867e+08
-3.76575e+07
-4.23103e+07
-7.86905e+08
5.31097e+16
1.10823e+18
-3.36703e+08
-4.27797e+08
-9.17147e+08
-7.54549e+08
-9.29024e+07
-4.44178e+08
-1.02694e+09
2.34032e+16
-2.10654e+08
-5.71391e+07
-8.3821e+08
4.51749e+16
5.54071e+17
4.11083e+16
-9.84662e+08
1.07217e+17
-9.94879e+08
4.82862e+16
8.99915e+17
2.01939e+17
-4.39819e+08
-4.88019e+08
7.75688e+16
-8.86309e+08
-7.6238e+07
-9.92203e+08
-3.89786e+07
-3.90828e+08
8.73868e+16
-4.04606e+08
9.25882e+17
1.21112e+17
1.1242e+18
6.75155e+16
-4.24032e+08
5.79573e+16
-7.33127e+08
-6.53002e+08
9.84666e+17
-3.46535e+08
6.74883e+17
-6.90874e+08
3.98288e+17
-9.71722e+08
1.50443e+17
-3.04868e+08
-5.4148e+08
3.05918e+17
-8.90748e+08
8.62294e+17
3.49913e+17
-2.35676e+08
9.38168e+17
6.64727e+17
4.0352e+17
-3.71112e+08
-2.84919e+08
-6.33336e+08
6.6026e+17
9.12975e+16
6.65488e+17
2.75018e+17
-4.43809e+08
2.73486e+17
-4.59983e+08
5.84975e+17
4.99788e+15
-1.06567e+09
2.38902e+17
-1.50024e+08
9.53389e+17
-6.27281e+08
-1.73017e+08
-7.07751e+08
-1.61242e+07
-6.76465e+08
-9.44327e+08
-8.70125e+08
-9.57919e+08
-6.44626e+08
-9.06111e+08
-1.02038e+09
-7.89982e+08
-7.42715e+08
-7.88195e+08
1.07795e+18
-6.78241e+08
1.93771e+16
7.65167e+17
1.1456e+18
-1.02382e+09
-1.03555e+09
5.53747e+16
1.13537e+18
2.38972e+17
-6.27898e+08
1.95701e+17
-1.92653e+08
-7.92739e+07
-8.25995e+08
6.71192e+17
-9.67905e+08
9.10318e+16
6.57186e+17
9.10833e+15
-3.03998e+08
2.7278e+16
-5.94172e+08
-6.85667e+08
4.83566e+17
-1.54682e+08
-1.88054e+08
5.9403e+17
2.33057e+17
4.57554e+17
4.1679e+17
-7.24425e+08
1.00341e+18
-6.17788e+08
2.73314e+17
2.38313e+17
5.52875e+17
1.81899e+16
1.29301e+17
7.60518e+15
1.0485e+16
-8.37924e+08
5.72646e+17
-5.0268e+08
7.00882e+17
8.81279e+17
-6.17232e+08
-2.75045e+08
-4.95418e+08
8.09291e+17
3.02418e+16
-7.15824e+08
6.95096e+17
-8.66162e+08
-2.27446e+08
4.40443e+13
-3.81025e+08
3.41806e+17
1.03156e+18
4.90855e+16
2.27068e+17
-9.86799e+08
9.29479e+17
-1.01614e+09
2.83105e+17
-7.0598e+08
-5.51807e+08
-1.82151e+08
5.24783e+17
7.32257e+17
-1.85485e+08
-5.02555e+08
9.68674e+17
-4.39425e+08
1.50789e+17
2.70645e+17
7.772e+17
8.90352e+17
-3.73134e+08
4.80608e+13
3.35473e+17
2.57897e+17
-2.52519e+08
-6.01742e+08
-2.45143e+08
1.00308e+18
-9.34085e+08
-7.55832e+08
8.40534e+17
-2.64172e+08
4.78257e+17
-7.90898e+08
5.87993e+17
7.56664e+16
6.07865e+16
6.36526e+16
-9.27841e+08
-7.63476e+08
1.2905e+17
4.45212e+17
-4.3864e+08
2.40836e+13
1.26608e+16
7.37374e+16
-7.74645e+08
2.10345e+16
-7.70456e+08
1.17506e+17
1.42324e+16
9.34028e+15
5.07876e+15
5.62469e+16
-4.94956e+07
-4.02135e+08
4.5526e+17
4.33603e+12
4.83695e+15
4.79826e+17
-7.08546e+08
-8.99523e+08
8.75281e+16
4.77835e+17
-9.18387e+08
5.3366e+17
4.81847e+17
1.31994e+13
3.7241e+17
9.50348e+16
7.60778e+17
1.15224e+18
2.98664e+17
-2.93429e+08
1.69829e+16
2.78509e+16
-7.98731e+08
4.79158e+17
3.01699e+17
8.34642e+12
-1.01717e+09
-5.09004e+08
-1.01928e+09
9.13072e+17
6.00985e+17
-7.08864e+08
7.68346e+17
-5.82468e+08
1.02697e+18
4.01332e+17
-1.09709e+08
-1.04697e+09
-8.1699e+08
4.625e+16
9.75712e+17
-1.20339e+08
7.69019e+17
-3.9735e+08
3.0128e+17
1.70578e+17
6.56676e+17
5.46943e+17
1.13649e+18
-1.88712e+08
2.10656e+16
7.26959e+16
-8.43724e+08
9.59773e+16
7.84296e+15
-9.02998e+08
-9.29634e+08
-7.4481e+08
9.67253e+16
8.0528e+17
-4.63877e+08
1.95255e+16
4.41654e+17
-1.59657e+08
-2.84802e+08
-7.76553e+08
-1.7694e+08
5.04183e+17
2.98867e+17
8.7509e+17
-4.6779e+08
-3.49567e+08
2.0259e+17
-1.04559e+09
-7.42324e+08
-9.94292e+08
7.07535e+17
-8.51388e+08
2.42969e+15
1.0574e+17
2.01972e+17
4.6954e+14
-6.45325e+08
4.78257e+17
-6.49641e+08
2.40173e+15
1.72852e+17
-4.01546e+08
7.27841e+17
-1.06368e+09
-2.88964e+08
-1.03159e+09
-8.97527e+08
-8.33333e+08
3.05067e+15
8.23438e+15
-6.85476e+06
7.65293e+17
8.69128e+16
7.85135e+17
1.23191e+17
-8.00931e+08
4.34001e+17
-8.90589e+08
5.54017e+17
-2.64876e+08
1.37028e+17
6.25826e+17
2.60823e+17
1.14032e+18
3.79078e+17
3.43069e+16
3.76365e+17
2.854e+14
9.52224e+17
-2.1697e+08
1.09181e+18
5.31203e+17
-4.36852e+08
-6.11938e+08
-6.73828e+08
1.54836e+17
-6.03538e+08
3.59055e+17
-1.30473e+08
-4.69286e+08
-7.0414e+08
1.14312e+18
-1.97862e+07
1.80543e+17
-5.27514e+08
9.82253e+17
-6.75399e+08
-5.51345e+08
2.19367e+17
5.41867e+17
-7.21767e+08
-1.74945e+08
1.27383e+16
-5.38002e+07
-4.19529e+08
4.46042e+16
-7.74328e+08
-6.56049e+08
-1.05497e+09
3.29677e+17
-1.38167e+08
4.8219e+17
1.20779e+17
-3.60277e+08
1.9776e+17
4.65216e+17
-1.02131e+09
-4.82305e+08
1.13943e+18
-1.36916e+08
9.15982e+16
-1.05375e+09
-7.48515e+08
-2.34577e+07
-1.03529e+08
3.53517e+17
-5.07862e+08
-8.37753e+07
7.05419e+17
-1.00422e+09
4.45048e+16
-4.39814e+08
2.6072e+17
7.90072e+17
-1.5802e+07
-2.95015e+08
7.29404e+17
6.69318e+17
-8.09378e+08
-1.01165e+09
1.01783e+16
-7.36221e+08
4.43784e+17
2.89131e+17
3.03838e+17
2.24341e+17
9.03419e+17
-3.95641e+08
-5.96794e+08
2.8154e+17
1.91967e+17
-1.07189e+09
1.10349e+18
-1.92639e+08
-8.47247e+08
-6.68662e+07
-4.50216e+08
-1.39794e+08
-8.71388e+08
-8.74194e+07
-7.02337e+07
-3.40843e+08
-8.4734e+08
-9.31905e+08
2.91942e+17
-7.81203e+08
-1.05765e+09
1.7279e+17
5.57797e+17
-1.38073e+08
-1.4564e+07
8.20665e+13
-4.48107e+08
-2.45667e+08
-5.22009e+08
-7.84742e+08
8.60055e+17
-5.79923e+08
-2.57585e+08
2.16766e+16
-6.78292e+08
-6.23689e+08
6.83508e+17
-1.50351e+08
-5.51901e+08
-3.51372e+08
-2.26919e+08
1.08848e+18
-4.08576e+08
1.50876e+14
-4.64909e+08
-1.80267e+07
-9.94395e+07
-7.91162e+08
8.91835e+17
1.48468e+17
2.63393e+14
9.69185e+16
-9.32196e+08
2.15108e+17
-2.88403e+08
1.13522e+18
-3.29382e+08
1.0351e+18
-3.22966e+08
1.32538e+16
-9.21952e+08
-8.2228e+08
-7.05894e+08
6.71352e+17
1.81324e+17
-1.64945e+08
-5.38298e+07
5.56982e+16
2.25474e+17
-1.66396e+08
-1.05516e+09
-9.25207e+08
-4.81219e+08
-9.19674e+08
-5.21796e+08
1.01822e+18
7.05807e+16
-7.16073e+08
-6.78859e+08
6.88313e+17
2.58678e+16
2.42322e+17
-4.7724e+08
-9.54804e+08
1.71078e+17
1.13416e+17
-3.6126e+08
-1.0721e+09
-5.40725e+08
-4.08401e+08
-1.47121e+08
7.54224e+17
-1.00118e+09
2.02972e+16
6.34389e+17
6.70731e+17
-7.9201e+07
-7.97321e+08
-7.56489e+08
8.02701e+17
3.83822e+17
1.08191e+16
8.1271e+17
-1.01324e+09
-5.67272e+08
2.46154e+15
3.59948e+17
-5.59127e+08
-5.27908e+08
3.66965e+17
1.03675e+18
4.07512e+16
3.36673e+17
-2.47179e+08
6.99241e+17
2.76558e+14
-9.20986e+08
2.79495e+17
1.46927e+17
-1.05955e+09
-9.07988e+08
9.54607e+17
-6.12967e+08
-9.36365e+08
1.67959e+16
-1.14204e+08
7.60509e+16
-8.21903e+08
9.62212e+17
6.58444e+15
-6.28061e+08
5.20704e+17
6.61453e+17
4.42548e+17
7.80406e+17
-8.3155e+08
3.15617e+17
-2.48319e+08
7.95305e+17
8.39347e+17
7.38298e+17
1.03297e+18
4.08415e+16
5.83727e+17
5.2942e+15
4.3281e+17
1.73584e+17
-9.22526e+08
-5.68576e+07
-8.96238e+08
-2.41025e+08
1.56725e+17
2.63632e+17
2.22254e+17
4.96878e+17
-9.75597e+08
6.18475e+17
2.79604e+15
6.23685e+17
6.38719e+17
8.04844e+17
-9.2415e+08
-6.21989e+08
3.17058e+16
1.4791e+16
-6.66305e+06
1.02017e+17
-2.17006e+07
-3.2225e+08
6.66278e+17
-6.80991e+08
-8.20941e+08
-4.30454e+08
-1.28671e+08
2.30738e+16
5.03098e+17
2.19444e+17
2.19967e+16
-5.72731e+08
4.7468e+17
3.14473e+17
1.08349e+18
9.14759e+17
-1.16052e+08
2.05992e+17
1.11872e+17
-2.39502e+08
-6.34688e+08
-2.83708e+08
1.61046e+16
-4.58068e+08
9.51089e+17
-5.44112e+08
4.38621e+16
-1.02399e+09
8.33543e+17
-7.20324e+08
-1.00491e+08
-9.20572e+08
-7.45319e+08
7.28792e+17
-3.54932e+08
3.41606e+17
8.25119e+17
6.30468e+17
-4.06016e+08
2.57408e+16
1.2846e+15
4.08396e+16
-5.88724e+08
8.05389e+17
-5.82421e+08
3.00722e+17
2.14971e+16
6.1848e+17
-7.61089e+08
7.59505e+17
-8.27554e+08
-2.84004e+08
4.70728e+17
6.85954e+17
-3.35089e+08
-5.67408e+08
4.63187e+15
1.0468e+18
-4.19365e+07
-7.4703e+08
5.804e+16
-1.02547e+09
5.30475e+17
-1.99074e+08
5.49083e+17
6.05277e+17
-2.24896e+08
-8.39118e+08
-6.87276e+07
-1.05579e+09
-5.84036e+08
-2.13705e+06
3.52095e+16
-6.30369e+07
-4.17169e+08
1.11807e+18
-6.58747e+08
