91600276
-897141284
-290193078
59308772
378726451
479210322
1005236511
-988817580
974298759
90286932
-1016958019
-224063018
-978347506
1019170051
220933205
188977335
-837562511
-190765539
13074806
-769277048
-635569416
266792752
-594942639
-68780204
-440290436
760969237
722384781
-960776105
-430592538
-937189954
613742513
-258609454
-932236836
613760607
-481128457
-665354662
594396071
1012418536
647476671
176153799
808762419
-826167154
145680883
-915186763
621087886
172864884
-1017500685
255191981
713864358
303697640
237607242
889012221
-409252002
567161988
-612361385
-792066390
222426108
229856031
526519397
-380429390
357463512
-54411864
-211784250
-933152680
-567756507
-1047122685
295261349
32533907
-349710753
-441784775
743829036
-593804978
840236071
911684770
-525609550
-29037692
-180430271
643972565
-250016350
-647070452
562956676
599213132
-956750389
-877994711
1017406306
364053092
-564291596
-755880393
-539325899
-551792934
-186836769
-998782882
202883822
854117435
-55990969
-464841370
387701794
-901373249
549122300
-48681908
-763215454
-289900299
681912103
889290317
287211862
-1014506961
861821355
81573241
-150949880
322230568
241594042
-1044878911
724374796
968374050
-485360395
-226871332
-428004050
-741240165
-325174262
-97440751
617993071
582328349
-336154433
-774404269
519205122
38638429
487912049
614722301
-1051891786
848936700
320796152
194772650
913651109
328984509
-240436415
388010742
697696348
-768021442
620742169
-375499401
878907256
-487394957
-316641580
872594156
-396076185
592354852
966715237
290974264
266423062
-651857736
-427802099
-578513227
266493776
192233362
4039626
56930827
-580569002
-918462233
-332079122
-633653826
512735450
-1014751263
88619562
-328355009
388975011
427656043
656352706
93710157
192298827
961887705
781738370
-892281204
-836193268
-395597565
-785683332
424190194
1021484952
-779579817
277484548
-823295691
930605203
951172342
-974741644
-870760471
-622057508
456443860
1055517471
461747012
815963483
-951005688
-324945100
-339058587
-150964626
-146251242
84155011
226483703
984633414
-989499540
-859999975
853070416
-827204288
-946053954
-939685063
-765628438
-244055140
973059455
-422216481
-452495237
450184723
398124242
678430526
-64372811
812270749
-783712356
-104188469
-803126436
-627422159
743899399
743295761
993103399
679836873
-999157226
36147258
-898860246
-347104782
-502112291
831766041
794995433
-969526594
-1026009720
873517036
278326923
342309122
736240794
-744138585
446997961
429317123
501680322
506484673
580808703
227443861
624116015
-648757155
191631146
426110143
394384253
-959396786
227824748
-16337478
-1046988662
480823787
-713193626
192065437
-1056599807
-27524648
-909973722
582935848
-97121948
-663297819
1007970333
-1055254469
-689327068
-37670843
294817436
-8965947
734808338
-997238114
-262044673
-45865445
-49395177
-985342123
-609310748
-594742140
-107342368
539463796
942732578
-705085827
-541942878
-175196351
206677763
929860884
633156502
741168524
-84811167
279778702
-911213544
-249743489
-561440705
-700253970
286076318
1036662853
634352906
949939
-485817183
99126021
96102924
448576355
-756825629
741509409
-296728308
623354018
-588593486
444704037
-239943210
143246473
105637115
163109672
-889611400
603197028
-443329602
1053810962
420050430
826241482
28846638
202221271
32311433
341578160
168791266
890607303
1039502426
129416455
1013062912
-1066491031
292984484
530574974
-718825789
-21712747
388546723
-404687872
-278162881
185990300
-659070036
-501765778
-1017723885
259358074
-422838348
516040299
137273042
-430419661
1055707243
-354078154
-678263565
37386751
569676721
465247590
-926655712
670084591
-18308647
429483731
-886016353
-1058248040
-853557565
-415524252
-472487722
413550073
554599108
-129758513
-579206607
519293281
-522534417
751976140
309588601
267699671
-660154739
-754942572
530799565
161031908
684585506
76802751
771290178
-925963204
318247151
-746278377
-189589718
495869670
534632233
-1056650337
911071633
-547984117
191751057
505545751
-297483977
133061125
561731197
716989466
190027488
-867766101
224821900
-947109235
-405989818
-1035300405
-506156563
164329352
-465944182
-383022591
827351844
-318165938
-15904968
65838011
705737931
940273156
448874933
361064785
399067161
461720003
-680161647
760488521
741532588
-502390278
-824644236
-873124370
-851434514
221406278
112179856
230078768
-59386059
967347689
-26238123
322043464
520549960
-1044266973
-1038437906
-931518628
710803304
181708995
100687598
264647041
-220108138
1015781747
-214842187
-416573245
158690122
482837132
724345802
528412867
-48309691
54480845
756376447
-549957617
635125321
1010997752
-276289874
329661592
-127264774
-87663242
-727488062
859593886
-302850915
569641185
14722711
-189304530
-722435631
27215598
-736547666
553925179
-274808087
50071427
-663650554
710160599
-46547140
-118774950
-618658015
-592540230
-12775270
-157606557
-998280534
-124274582
59635401
-821429059
865873464
-279829790
-780958912
572817863
-308563970
651573311
74799838
767422130
84088932
257928099
226325679
791542699
621219010
324905227
-534027986
228689710
-97655551
-220249867
164964915
-959324379
968295526
1004049063
752437163
596525125
132169750
-341380792
641545532
-78321253
-545749173
-416813757
-505315698
-454092959
-235772456
-802970690
-898446580
174303414
685723290
24321396
284228186
-1001761032
-123576621
732378411
377158522
-361799351
43277794
-101317737
-464892507
323930
532644398
286197643
136004379
120661715
-588733484
-106622301
345195800
873433254
826623907
-6967661
-699074112
-357356510
636145515
1056261658
-803712203
811289762
-606836679
732582124
371442580
-984052211
344531649
710884227
-807228897
890970319
-607935536
548071755
-542897362
-140955347
-441774005
241162599
-941788597
520149436
-1043585447
10859615
362159730
-433259121
650138395
726619230
758703065
-1052467566
-215530229
-573710706
127424666
-1041007017
-652474946
498012239
831601539
858657936
873767640
-381717145
-106245047
991078667
-904946063
-561408411
791316716
438941089
