548689603919637632
446674783998179584
743914005620214016
1185415466198769
-382953099
884271447309697280
74491188291086128
45132390252597904
-161950505
1054492805278770048
7160138906700816
21220651480917604
-966931935
354959128735336256
-356238286
-492683879
-1072313910
2040361512870321
-216793193
367464282941552320
541291252081800256
-441724925
-592803603
914072766652254848
-452187306
-318060145
-1058848057
917642945364091520
-321979948
-423358929
332304085170150656
-383511480
1142865253395635072
-620993242
-39792250
12809645850246436
-381047282
-618828673
-172281465
106733151360160000
1049666329240998016
839538535715856000
273104953944858016
4475068126402500
-924419024
-223924922
213248155096848000
-586234652
-440729081
291299587932489344
-11918982
128941954635463232
371667713704878080
-267506706
-735693949
19818328438432224
-489864081
95384109214826048
774690576853057280
294550604724277248
708620971971060736
90524493529968992
848669521727412096
-392097122
1106818538411387008
-499410250
-477970721
-474058569
165493042579506336
-83902926
-208132580
-1050935113
-913948613
-860295053
170435238188604832
-646218938
-519319807
-936923831
-513255697
-519141559
-338150702
711546766449259264
472709974151543040
90414472491720032
27840286014895396
-1064519392
-586248414
469456405083156544
176618108698142336
-841741146
-181473846
-15620168
757194666353326208
-207834610
-400478383
-611334838
-941536326
155194156868034816
-896059029
-235981135
-165906841
-247775155
678165743938125312
-897064999
586135976576851712
-113376983
554537014598001216
-68728436
-820300610
-752631469
-317360935
-363393160
-827976580
140409125661171248
-94553065
596700756435174528
-874683427
338394258560355904
-189816004
-117817460
3845275693822369
729893091886920448
-1011220165
-252975159
316685077400875264
493930194382805632
-255529812
85333259523082048
-505197173
-955756608
320081870156590656
-1042705354
51164239550058496
51718002488773776
-224080287
-548438817
-668689336
110819961866920336
3915053579611321
-889173853
-59441976
12096738719780624
-701980588
-100453393
83005213017700016
900917775580603264
-372372861
1049872587959473152
298455101223477120
202151741861894400
-1028354099
-767145360
478401168040243008
-729390313
100416609607868400
1090377541868988032
112939575339966240
-616158386
-720670353
-60875809
174774532329114496
14298898084
249435786696379008
-50255575
217020733814844960
-906867765
-254325811
393069748224751488
211056100960980640
-445673484
23011161866044416
24635195667272960
825292278499232256
-22809959
-790136999
-624439487
-557840107
133324186764407408
-71782153
-107227427
-338037621
-109920847
-984544117
853951116218510080
-79110705
590652219114248192
-860767466
654703594239303808
-295425176
460313457643905856
-53756450
1070597979070520192
-1049442678
1113958271314990592
21513005010573128
-564802342
-167148022
447814392845316032
-200846713
1002712911480558336
301846490236325248
444288070645989376
-283578440
31738000064927640
-480766761
3417119368401424
452119048887264256
22418135001089424
29522246419752100
-223571115
1098234506123320320
-374394531
-455030806
955225960703111168
-739047035
-493214291
-992947159
77486400696619264
57404676268852896
231747764290711872
726801937898025600
-229069352
-1057524712
-111762220
-710041396
688684490757127168
-249909412
776576824247009280
747343798655535232
47201543038423920
-531672696
-360216871
569765490742734400
-95282961
570144924466901056
-858267241
533875976112485248
-126608198
1110150607463375104
360476788161484864
-303317841
236003367507961280
98564306131422784
53154598198896096
637036769138972160
-470755686
596980648351171968
599021395544325632
-972621637
88117690795830080
124719530443762576
-997649507
-573858216
-278337194
-492480751
1032643305042642176
-870280849
150852231162588000
96082399005992096
44142933604431200
332646921775893184
90856744874324672
-348725860
1113299681975009920
92535730850647040
-1015288036
-708245622
176245700556712896
-843306196
-964459652
-594718994
918908206491805952
-414953862
873443114722949760
-175687079
-123259623
16131758142096
204632186963329440
-714321002
32629067531091684
-376859155
-784407584
5428770251075721
-563414565
-250861548
-157191170
-505414390
716079398040274048
1118304082126050688
-973524149
91947118276836
-16150012
-623256451
-433377513
-829069352
-873337961
4315777315819776
-62686766
-737833859
435866103787642944
121085489195400416
548356863983843520
235135230216428032
-233027172
-1035850607
277048612269105632
327664690745200896
1141777357611030656
179466820806210016
457969124664373952
680378033907096064
-554374155
