565308742009646592
-178539794
45561152236842224
-279817894
-142895900
-11595623
-957183173
78905225170746128
1070821706744963712
-343389968
695846298979656448
-369521475
-778810618
-898231993
-373306838
-255558311
77322622360135936
526438866299544896
1033166327315722624
130406822380847104
295040398369021376
687188044500163584
-124478466
-600200827
111512098684038528
-767044762
68452712581204248
-815153053
724185772286048768
541737792358048896
804508045816875648
460423965714248512
-369203316
-236683574
-541150465
-967299223
-437536193
359065591121472384
12178898316938116
-538376401
-928799387
-124827383
81655514824912688
1057226775129162240
-250431831
419094377677500096
20749453221357024
9489662547180200
-796440043
-570438398
-521349433
-800271478
1053281307974783360
999148711250290176
-415695245
-68816638
530338660834167040
-5262259
-284413497
-900908531
-40193737
509736519823055744
857187114187688064
85307668933954752
84129061090110208
786197616774045312
8319223237970176
1026518954473162112
-527788878
7988088323723236
1054528841035087232
34826768731069224
543103683127730624
37298227779955080
-216390950
-869108832
-10475498
942074456208250368
146610624159838208
-162777619
-725458849
-895989615
-727995572
-285365072
-860817754
-424430457
-170145861
-660485228
-249540847
-287533388
-697328732
26139645695049604
-888441522
-970399264
509378225693879168
75367817925872000
-521893767
210770375858827808
-501503904
14045943176798724
3542754916934116
724190816969796352
1031620071812130048
447469897540520448
-399342620
-561740043
-111736569
-526370718
-713748910
196836804329443616
199161429178003584
-700418725
988370926858771584
-1773514
-847715407
1005994191762493952
75670873104392448
-63379192
876240295957018112
-470754604
341345327046980288
563272317918148800
279040721158144
943488030008934400
905174465244791168
495482703747734336
-960166932
-336461143
282031629546516000
-656633165
-497911637
-303322309
-47003770
96930599298198432
-387043423
350475841284020032
658834419088801024
679203975437252352
-121470556
78269224580640624
610523919978810624
573384284964587776
-96745697
276029325721874752
323081216707061568
-1002713981
1134160334121729536
-209124345
62090941016330520
37401096511364160
-921059366
43180015453536256
143622224195602448
13289529123248400
507068811313295424
-577857747
-250336765
-332663931
26364414967641
-1028565524
-455423038
-685679804
850793033016887168
-388821135
-429813313
601461554837225600
-44937233
-446590366
-295355803
109407760900033600
-478303931
-414693984
-734143366
-903665377
202548210469102080
-993943758
-466357730
377125945875756096
-1054966706
27629581410719288
-268868591
-538373956
680309340457551616
289674137567545600
-311239205
216116666712716000
-674128397
-882647960
-1040022275
-888853859
-891101064
14018291706883688
-192864740
75713549505546304
279222034936817440
-190372176
281986291035106592
653035417138420608
-786759400
-996487078
-214026718
470804447713559552
-396193025
234555470945169984
-73040544
-231354563
645816192796356224
-239966435
-130987951
-717401688
238998742159000576
-799426217
322227445499560960
200106324401662112
11245226437294144
30806451780158224
-7548319
-910366586
644557873357642752
-86123340
546481486026187328
-944618984
-604510657
92685621839741952
530217164727375104
-900547270
-292585659
-720055151
-365429852
-1060808856
342626727344681536
102039217544208400
84017691468666912
-131134044
-89371134
88028922889989232
174488761950990400
-319276460
-64167224
394033862244399552
10704651136064656
-350415445
578446948727885952
-600897661
970877268240792064
18562473041523888
-542146449
513037787839299840
-569842446
-273826492
711297787616247808
584027834012911104
-634474750
79302941756528400
165718150817313248
6451388824609444
7634651703732036
595182811467008256
197022046112439040
-558247867
247263705564655328
1059672409923288064
-76410521
374313738576798784
-809892122
31051948961159424
854342219407259008
-1063492102
660900747160068480
-164466761
326587437084280704
287863691904607200
-844565412
-20128930
-839947541
986124346307291904
1125699767368120064
-43610614
419099489366007872
-838719784
348194202232349952
30646298051627280
936368314104787584
-840810115
-179182644
-207912706
5280057331984009
622507481347393536
214866630097371392
-202560029
-551145120
-714194763
739078923212030080
-102765683
13495529076127080
-995387259
887634664772471680
29324313688112356
-888649718
-590305114
872707766778253824
1048636590955272192
-139310728
-165858047
-870122356
-273507137
-341059041
-312000476
-905959116
-18244404
-440506670
139668136273776016
505887770439578624
-711240263
251383016462069888
-319276807
687359038088016128
-202849024
269638267138634304
246681610403775616
-276273728
152553862053636480
-315878869
-590385609
-330601555
11545955083835236
-637957572
-370504667
-650203445
806401981297263360
4537100972296036
-776149739
7911861981027904
1014249326360689408
380085880937213056
-218443446
-141995141
-222416693
1044904368403398272
-1069996270
-246972058
-903751758
-86564912
-352420860
7863042451744804
-471046899
-306877647
-223774136
163438035485738208
16175991665656384
-554789934
-457796027
-577812366
-784589933
860315898558944000
-792616622
40085162881286432
-9255747
961660310998268032
-136720457
-235960315
283061829656015808
632228178645904
-569756061
9708994678761360
777005782772869248
167689191853669280
210755673981707584
-199617312
-947445141
-33456532
95275290343639856
-1063970244
-289560798
106271652508462224
-398609661
-20372014
-1039049202
-5080218
-941838698
337535730458932032
-289927656
531421849342528256
1126221866798248064
105368350192947392
-239362704
742042443087936
-951874721
884934282489234816
-486027649
503177904858115584
-539951467
459143425542310464
54214304009160408
-423341964
9729743266370520
369160644106387200
8052254108328609
-417093047
-997472207
905328660565660800
531109014233230208
421286145314572864
843107152481082240
122435795314943296
-226191676
-935018160
700832199277927424
-269488096
-330602919
-638904200
765005639310336128
173368176433251840
653537319930735616
284381763809037504
924404275917221376
2596380331086721
940704093478576128
-133807964
797635044181722240
563360973703980160
-845244691
168416787187188736
-429355337
-306862060
1138426574953737984
1067553746780481
-363482723
-557653318
987845888753862016
48496091286594960
99879246944841968
-335065026
756943145654841600
75117655420456016
-677820009
550176561653221120
432665723401716224
397991439330103104
-805292125
31168663484413080
441706626227837184
322853357116670784
823748123009392640
767643131411746688
-322270186
2680369183487524
976487352283672576
331368902172594048
821124057163645824
8712093503251216
270347074909995648
802199550318100480
164473109276488320
1008273512324215168
494106703328163136
740902349657381376
-506343974
-121218040
-546569383
-32117483
364223312238997248
656973305171054464
8945937079025296
95975787203366464
838076970003462784
-98512126
-330577499
