-697337298
71916293
651660536
-53536929
403485415
562292018
285057305
-25110956
-1005735686
-509786212
743771517
1059143528
-208069398
655704603
-801938698
672903566
500791407
-232282463
359677277
-703865336
287898375
-794336638
-341664763
372374735
705710062
623253432
833271468
410690865
-140507359
773610212
-816306756
130738227
584835127
-347666182
-247301367
162951186
-866850720
507118986
582914153
612408646
129263241
-194093610
328234486
-315675256
-452913816
-890654104
367100417
-363462582
-935605632
58513171
966972042
18774003
414976435
901546395
88751531
933496398
-288427
403121143
-225191044
-779693919
-785594123
514764890
-866847046
1016884518
351959516
-650189763
965756644
615947386
1019599392
-586357943
1001510167
222492279
309014610
271985826
419967940
313643782
-56325200
133732130
681827542
167876518
364870621
-1016731172
813046768
-725508106
-1069680503
-307310984
-447554510
629281745
1072685025
-391943603
-322920392
702163176
110584461
-651366057
325401907
933583665
-256356927
558008264
-796700391
1054011577
17332637
257273854
489818617
397149180
-1021248333
-420743888
-362580445
-898822850
445879846
17416068
-219368058
-667682542
-339412503
918614772
-957021959
705126557
763343010
-943492969
-316920616
-756275959
-853186430
-362670317
942818483
-612741170
1016464576
-968610413
-838017548
-1003161464
-900963925
395703145
584644821
747547962
-646168956
188708066
416022059
966774793
-515336146
375567243
-973019453
-637075819
578052908
-461670818
-990568270
669944722
-707948782
-249777498
-756466093
36820420
-591241250
236940269
999141816
-153687190
-647939222
-259455674
259691833
-1015760559
427163969
658390429
-752521545
-89452116
-674736254
-85229831
41368984
-827522195
-542414826
-306321649
-696261065
368049964
623811698
-484984340
-261540574
141037413
234140518
-304257440
-1041222429
343337433
858299962
-13706743
819614816
-634339994
-33017795
-380625421
-995755724
606377260
568945080
-104582283
-848272752
-522233830
780567219
-395673346
-262083926
1001802616
1004599112
-518460847
-787652780
-320965920
-890001352
-167662157
-226379629
-48877715
-925277082
693322082
-484152572
-291086511
671061638
-514507399
-415754376
-368769985
-787622341
971503551
236314469
338974842
-334921548
338557971
279727854
-1017437238
682542571
-234190879
858741044
962616063
1034739311
682639854
244324716
-835686907
-469518623
-256969320
-304851008
-254265118
46317543
-574963789
-532403761
582926938
-670566675
-34648497
-624000050
-172418857
615320778
-190361889
1037368512
162773316
270664751
-679687590
-275778953
445379223
-688077322
-508709181
379589077
883556583
-1006920187
-870200760
-252354392
739884440
540769786
-79397658
552930080
-1053682455
-155183083
259243568
611390932
-639053123
-475953646
278134068
-142123153
3524162
618521460
-639762963
944175427
-467614125
423630164
-254508548
283222434
-492038639
722989613
-613045270
850614062
-875031361
816251743
-42987952
-354506249
-370987720
665753791
-369319117
-806530564
-472313310
837941318
-674822500
-483798160
37650285
469943014
-205376540
-137285628
-556404825
301444510
-81019576
-812064233
-1061336288
764871301
1035345538
-732086573
828279219
-379613082
1059471087
15976259
147157221
-731972796
786420202
20166521
546375216
530797310
900079771
675118976
738944676
810790180
1036655357
678181646
921292271
501552554
-82946421
456867163
-114250660
722417626
248360656
315667249
457903402
512431570
-305795372
-214043885
426228041
960612230
-222013767
-954517418
703571845
980236427
889486110
-572490333
771995325
405884318
-880105135
-587845968
-212206460
-254600225
524098212
-490986798
432037976
262894367
492682727
166190490
181653638
131369382
-906060838
-158159720
660699773
858592239
-661032306
539428063
-293370717
-432087456
-1032738399
-859095148
536579089
-737287950
254111480
-224391566
143806458
-769952304
-890084180
551047124
867720638
266366802
-184079429
-91871847
-609844130
-511032634
814527060
-1001626758
601989494
-426855684
616956079
-83583368
151568155
612760935
-467512095
-406003286
897209586
-544135573
-333246378
1056076246
514603360
-192795879
796168486
144293263
-970845820
-1054956111
-448158929
462279536
-663373566
1006334349
961868193
-359889838
360418869
-749592262
240746735
69083334
136468682
-917937757
-292325064
450541192
41052775
475294286
472925073
347702448
-615235869
-270530761
1036272866
-961912269
916382927
277821765
435729464
-686713538
96500074
-455219572
950277376
-287001831
537721780
-93742985
-408677238
777898051
80851661
350966616
-922381318
389882689
-1024954490
-867557856
-994892459
781976815
-444658615
229446618
138471940
697461632
900414387
-560715169
-1007593439
-977886557
-276283174
-924956228
-1161520
205436720
121274593
58604401
63212093
-979517380
-530011568
446166657
-890633110
-114854951
-645241592
-834091882
-898510433
992253491
502888175
538394638
-890111056
86320900
-841726489
-481741251
-867668585
672103565
-887280197
1068919449
1025815822
531998618
34466973
-626767529
968848999
345106555
1031251465
-962713549
-364724914
-475753635
-583350624
761687996
38718852
-58606150
-98298209
-402640116
1065412779
-618717867
728383794
-1053294992
-601953748
147736696
-1018823366
-216974383
196984764
-1072669986
134617024
718498407
825699207
796679080
-19097450
-40548231
-105775308
770913848
117324285
962178492
-144634504
717585513
345431725
-154897277
-497585669
814137199
1040967666
101951389
489090628
-694365519
596992776
-853989012
610554168
-929839528
191624938
273681940
-751325739
948984562
140505456
-329660350
-461483258
436986498
796035690
1009174478
-314034922
836770602
217977565
-1031842321
-635674594
-457530739
-287098471
-612447316
-546493906
289721954
-94186690
761032148
248707048
-396565898
-1054457625
-977349822
695710714
447679012
286276365
-22200216
-267240572
-1053120106
1066570163
39813310
312533404
-781821399
-399384235
-618309125
424148268
-239349859
232233461
-476715341
-923006751
39134789
784929801
-497965004
840118097
488335258
-295163558
1064153540
1016923440
849820308
-74462972
682620963
637537054
1031655614
-987439979
-203097252
397357389
-1045240660
-332832817
-56703567
-450881828
148418466
7359174
907479347
-625528748
-198032642
988674124
196677924
121978062
-237179472
-821849450
-705787726
-578057145
-880368759
349301680
105090872
94699
816766522
913356393
-858593300
255771162
-832567653
341792579
-6361264
191449688
507608
777542534
-276261735
501906344
512764927
-994884574
169668775
779787526
994245311
-610360811
-107797859
-586246686
-1035155655
781973801
-936245483
-59914424
-373400324
1047049275
631835932
-14710623
-655291708
986858119
945446521
1010647015
551292345
1042912837
-298594298
160490733
626997837
-464743775
874948658
-34218133
-463521482
1042083031
313388716
-373263770
-354397034
-191280224
-285329342
-772230117
656014848
-907412230
-908726558
-567550114
-289332072
961527200
-374528806
-407558287
722913178
620611649
-71125961
-930484980
-336918917
95654796
-753523904
-638960377
737617554
-926637773
-201496410
-1041339492
-790570159
-445085054
-429183599
-752725189
-324636168
607968254
326091292
-339623151
800409483
-975357151
-295723780
880216547
968469136
-169094228
802385063
342628852
-94500989
-936356641
860502713
-448584963
-854759006
85893494
-129492427
235591622
102130123
-538759739
1039493811
-396219770
-126106063
216729685
483239032
670638349
684930590
-520752535
790145077
966783429
-71801384
-380032277
-30235022
356708805
-277741003
567943026
-465587756
-409728122
598619832
-207486471
864310349
-234807274
433850454
-379003829
-1004665173
-383952325
-183623834
-467519102
157823787
529944655
348964993
-153553835
192628014
-344897721
-768526679
-374772917
215017521
526710127
601991110
-339415430
-545552426
980296365
-410873470
617774557
249181677
-1037430313
402589465
212444405
336660460
706572043
81836213
1070162358
321698600
1014204710
497896368
-207538500
-236957448
680355104
-108883725
-118006095
917516197
397643071
386243800
-601974226
-782589360
-375728386
-562908739
-832936019
123933126
-477343080
335932680
760643623
-937150443
-633053837
737274194
395607740
595430022
534063518
-301969725
-812962342
-189350168
176741133
328056913
-69057077
-324926957
-920349678
-562184695
257261861
-194072516
-60690010
987023379
-665025966
247879022
64034107
-347824433
135741014
376194559
-1069133180
112029853
35786403
-133325883
-991004100
-1017128913
-322068270
717518847
-652852044
-286557106
-57867101
186707301
-220810249
717894693
627207895
938130665
-1018046474
-171607036
-433664799
659591377
-172448505
614103003
526830640
-402438245
-704554731
-419094658
-795676014
-563531650
-239126837
159235566
-64799736
-138915771
319118596
41592496
-586655819
572812603
746016498
-1073625797
962857413
-211743733
761974687
-996557440
-598655317
-481487394
946601449
515304455
-293905457
-839384847
-945976656
-502306782
5278017
214206692
-965246138
328974083
61896922
-337903240
73823435
-557748465
-863948532
10554049
-199711957
834885705
392130795
-119643747
208723169
896019576
69887745
633300761
36377121
420676648
-398593481
728950258
-475489774
314631544
-593593546
117193890
-1042606295
-837104448
-1038774754
-18606996
295779343
-108289444
980741794
569239060
809040547
-927666768
-571711521
128973150
300588008
-57749237
101084051
604624441
-850543551
-173625118
-893796569
958489127
-852736692
-344502270
797596947
-211877908
-596032147
-322541145
784171520
-236845331
826979507
357061573
613879312
-230192510
943567083
816245414
189747869
92210721
340694833
944712575
1047932364
118664585
41744226
-870766355
191118891
-764186123
-126890448
689954393
488878520
-989675623
337177882
849843254
206561182
923275828
-304826350
-130372842
-440893810
-491050294
-513390660
796086341
66792180
539070899
557634466
-73490946
766994544
-784235086
747382738
536060813
979971973
596260817
741507186
-763390277
9659039
943760192
-89209598
-414691733
734736189
792707113
446154187
-1017399154
-168461710
-544988400
974554214
-163211273
-814541303
-36088155
366656399
69608682
860920126
654797875
-218762851
788480677
585309018
757983732
67593943
-640165716
-756063123
471008299
-373756179
282610173
-950866907
868765339
-741658298
-259195779
593464029
274736413
-315311265
751340937
1068170884
-747946169
-20029369
-513369956
835140464
57274118
872715532
140529606
901505391
-138882378
637076327
239083898
561622672
-965445232
415543628
771146059
-93597503
-352937329
-670246432
-865813574
113559406
-826244303
443850736
794663564
566970209
-753757670
