751870163
-178539794
213450585
-279817894
-142895900
-11595623
-957183173
280900739
1034805154
-343389968
834174022
-369521475
-778810618
-898231993
-373306838
-255558311
278069456
725561070
1016447897
361118848
543176213
828968060
-124478466
-600200827
333934273
-767044762
261634693
-815153053
850991053
736028391
896943725
678545478
-369203316
-236683574
-541150465
-967299223
-437536193
599220820
110358046
-538376401
-928799387
-124827383
285754291
1028215335
-250431831
647374990
144046705
97414899
-796440043
-570438398
-521349433
-800271478
1026294942
999574265
-415695245
-68816638
728243545
-5262259
-284413497
-900908531
-40193737
713958346
925844001
292074766
290050101
886677854
91209776
1013172717
-527788878
89376106
1026902547
186619315
736955686
193127491
-216390950
-869108832
-10475498
970605201
382897668
-162777619
-725458849
-895989615
-727995572
-285365072
-860817754
-424430457
-170145861
-660485228
-249540847
-287533388
-697328732
161677598
-888441522
-970399264
713707381
274531998
-521893767
459097349
-501503904
118515582
59521046
850994017
1015686995
668931908
-399342620
-561740043
-111736569
-526370718
-713748910
443662940
446275060
-700418725
994168460
-1773514
-847715407
1002992618
275083393
-63379192
936077078
-470754604
584247659
750514702
16704512
971333120
951406572
703905323
-960166932
-336461143
531066502
-656633165
-497911637
-303322309
-47003770
311336794
-387043423
592010001
811686158
824138323
-121470556
279766375
781360301
757221424
-96745697
525384931
568402337
-1002713981
1064969640
-209124345
249180539
193393631
-921059366
207798016
378975229
115280220
712087643
-577857747
-250336765
-332663931
5134629
-1028565524
-455423038
-685679804
922384428
-388821135
-429813313
775539525
-44937233
-446590366
-295355803
330768440
-478303931
-414693984
-734143366
-903665377
450053564
-993943758
-466357730
614105810
-1054966706
166221483
-268868591
-538373956
824808669
538213840
-311239205
464883498
-674128397
-882647960
-1040022275
-888853859
-891101064
118398867
-192864740
275160952
528414643
-190372176
531023814
808106068
-786759400
-996487078
-214026718
686151913
-396193025
484309272
-73040544
-231354563
803626899
-239966435
-130987951
-717401688
488874976
-799426217
567650813
447332454
106043512
175517668
-7548319
-910366586
802843617
-86123340
739243861
-944618984
-604510657
304443134
728160123
-900547270
-292585659
-720055151
-365429852
-1060808856
585343256
319435780
289858054
-131134044
-89371134
296696685
417718520
-319276460
-64167224
627721166
103463284
-350415445
760556999
-600897661
985331045
136244167
-542146449
716266562
-569842446
-273826492
843384721
764217138
-634474750
281607780
407084943
80320538
87376494
771480921
443871655
-558247867
497256177
1029403910
-76410521
611811849
-809892122
176215632
924306345
-1063492102
812958023
-164466761
571478291
536529302
-844565412
-20128930
-839947541
993037938
1060989994
-43610614
647378938
-838719784
590079827
175060841
967661260
-840810115
-179182644
-207912706
72664003
788991433
463537086
-202560029
-551145120
-714194763
859696995
-102765683
116170259
-995387259
942143654
171243434
-888649718
-590305114
934188293
1024029585
-139310728
-165858047
-870122356
-273507137
-341059041
-312000476
-905959116
-18244404
-440506670
373722004
711257879
-711240263
501381109
-319276807
829071190
-202849024
519267048
496670525
-276273728
390581441
-315878869
-590385609
-330601555
107452106
-637957572
-370504667
-650203445
897998876
67358006
-776149739
88948648
1007099462
616511055
-218443446
-141995141
-222416693
1022205639
-1069996270
-246972058
-903751758
-86564912
-352420860
88673798
-471046899
-306877647
-223774136
404274703
127184872
-554789934
-457796027
-577812366
-784589933
927532155
-792616622
200212794
-9255747
980642805
-136720457
-235960315
532035553
25144148
-569756061
98534231
881479315
409498708
459081337
-199617312
-947445141
-33456532
308666957
-1063970244
-289560798
325993332
-398609661
-20372014
-1039049202
-5080218
-941838698
580978253
-289927656
728986865
1061236009
324604914
-239362704
27240456
-951874721
940709457
-486027649
709350340
-539951467
677601229
232839653
-423341964
98639461
607585915
89734353
-417093047
-997472207
951487604
728772265
649065594
918208665
349908267
-226191676
-935018160
837157213
-269488096
-330602919
-638904200
874646008
416375043
808416551
533274567
961459451
50954689
969899012
-133807964
893104162
750573763
-845244691
410386144
-429355337
-306862060
1066970747
32673441
-363482723
-557653318
993904366
220218281
316036781
-335065026
870024796
274076003
-677820009
741738877
657773307
630865627
-805292125
176546491
664610131
568201863
907605709
876152459
-322270186
51772282
988173746
575646508
906158958
93338596
519949108
895655933
405552844
1004128235
702927239
860756847
-506343974
-121218040
-546569383
-32117483
603509165
810538898
94582964
309799592
915465439
-98512126
-330577499
