-584589412
-257243335
-813745626
990945492
1003042908
713212995
-204052693
-513777016
638787543
-857196967
-280373247
364534536
633872831
89010477
-774541454
823000252
-759833949
141028444
-293315926
-883306492
-873671826
75098651
627894109
-680250291
-246307971
202249933
291328438
-769088599
789732425
-527117177
171837224
671029781
247151928
927664442
-762141689
-529556483
674766995
691434281
271314633
-573918224
53672052
535451749
-649933349
-388791988
-495609778
-351454129
-486046528
-462931655
573542929
50255601
-227329269
228217942
-450357986
-134786555
446929462
174169883
-114794776
-745542280
-964785185
-1032590986
-1068139525
-655825857
799489960
-558211783
994655059
-810518767
577830985
-592075134
38266552
638558648
941614959
-845554548
204856906
-730659356
481458198
960295887
60266172
-1002615830
-659140958
-147939201
-263312232
-703211956
979582851
346607221
190834839
-120581733
617784497
-311720333
979385060
87138399
775522637
680958379
582971431
830644960
-349050818
305280162
302091614
151084463
-752831863
-193596768
582637684
-142843939
244476078
-980883778
-903704039
-108649205
743603763
49950955
59680797
447010515
-722813598
788671167
226075307
-954998658
728453825
912353059
606507200
-958293654
966641799
899717088
511025446
76930640
1002813070
967733315
142725902
-183994751
-942616183
947813636
-376252620
776581122
431072960
-974102880
365438178
733971293
-617665866
711692624
411125786
821735627
684276747
280552111
-1041128347
7454581
-411910627
-630658567
-298462596
-137676101
920810716
16445246
-588915652
-145600128
-705023134
-140441297
-1067438931
-973790926
721033229
-299610047
901930040
-1049311968
-433829677
1007413933
-879433256
-323313267
-214885739
1011195
-861347540
-690918368
202706491
687172364
-677589940
241516613
896993308
-242764670
856112239
353357717
-394482253
858448275
1004276465
-335103413
952878288
814598618
-334443702
-498842235
-368143458
-882776808
20777880
-864717604
-483265851
681264860
-500878557
-385012035
723726652
-438701905
-722419574
-278185762
430748685
421491177
11829270
-932916078
-737503505
-713933472
1005793742
571153169
229425635
-838094667
818019104
-930588119
-556061722
347847117
955832946
443737804
-579104556
545611170
183540040
-589533353
150517680
-1010367189
-900875908
-42043901
-663717170
-360373702
940857422
865934621
517644065
880311520
-752913281
437185492
911573273
400478718
-295839913
955509171
-778737813
-285301884
960434924
-655127272
-358402112
-203773055
-1021778459
-923923419
686554126
-120539754
1021269253
-869194042
493382822
-598178636
-303868306
-43273383
-489024711
-461550916
374547403
32076146
283443593
626802279
-15491908
-658216679
-762212045
468525095
-413048715
-152380344
828890758
295178023
