-1028952113
-678996153
-373547512
670347926
381804444
553835001
-260777942
-107634274
85135441
971855778
-704720516
-867321412
804690299
300066316
733253883
793459970
-585261386
17653384
769117801
173347504
970489534
876941150
512371589
-177086690
630399995
-299208953
621697894
410998026
204188108
419863524
932137274
58873502
-795421989
1065367794
217769014
595145699
336294217
693344252
963007415
-103424081
705617927
-497321490
587156076
329276683
408992691
885582620
-1006974500
40066377
389331544
606873586
228141341
906828561
343140377
884564799
-500239820
-496997626
-844305815
-876253426
-600647767
-860114978
-111798580
-611943744
-577505616
277694873
622529780
763415809
-922661484
-159962401
-141748558
-861364542
405409797
-847448462
98322436
-891353944
701597221
-797617559
-124063743
546589153
862929404
418877736
194712346
-187070731
118873938
-478446336
-414134436
-285293623
426943287
-447461146
318596326
787101082
30354713
729048018
37770411
-282611776
-498355926
-253180061
-265011422
-468899485
-30323521
1034603922
825183681
-261911067
855543295
-626042722
-780644109
-805388701
-690657021
-826623071
-205790496
-741935645
855481175
-981609266
874175461
-437202616
-478481361
1039252717
390720828
-1009415785
205765975
829287549
-19149401
-329675638
-878267709
46892614
-4195152
818194567
18131001
-765096824
-781792171
875245789
768013026
-303934211
-305164401
-160530850
-447430186
14611054
124583884
-106268544
-424073210
804747050
-68319365
-97671727
-106091975
-376335317
-892521686
-722365083
-408632852
-902756682
-427908475
880317144
101480270
-427877535
471094803
879951645
-968590186
405015592
-565316587
-106964734
852668515
74539969
472951092
-118512763
-825780519
-220985750
164834778
-349807655
890717837
139248597
-711708781
-162485259
-231741067
857942354
548745075
-90784920
186756113
-523156839
838528268
-979289530
348806154
1006677508
-519825612
942524665
552537480
262126107
-131814612
-262608684
-1063634715
298921539
645804054
-521431513
-301319219
-658631987
-504692716
687967918
194787938
754690554
-127914595
521012123
-401778837
-724469355
999629922
-491142807
-269780813
979969885
731251752
10908561
69044850
-169092632
-457936901
-356933561
-203682121
966304162
-255310189
-76556718
1021101116
158925678
-842411014
-566602222
587409241
-514409166
-38044797
113639536
-657042392
-780026805
441073282
561918681
253231186
-537040775
899118334
-1040167824
175932599
-310318697
-556269568
587185513
820206271
884888701
-46639236
146029510
-743835050
-292748096
-693199930
758009238
547076116
71716180
43680656
-3517830
739958423
-930560216
-39290606
485510708
-164803353
-439331769
-784312845
267417882
-39881614
1029531780
-58619052
-678092890
-396512719
-420665284
-379502602
557053915
597197401
922635248
970868003
442155937
420119487
-356645032
600418025
471168413
499046577
-364389614
-427119152
-628102333
759684034
-868576135
-1030282741
-44264087
406175434
27500056
-813612717
-119735720
428107771
10965655
-533636507
688275692
-757031855
922562749
-201683122
-256509549
333433280
-747765631
-660141639
285764265
-342964508
246544236
620306893
-1024668437
-104011549
321876719
842603035
-763583175
-985362933
942004403
956718012
-485635544
667564515
-140985797
-816008987
870703689
786010469
-816861215
-72279244
-1068297432
-670425256
-268695708
477122408
-624442884
719274027
-721986457
-362877510
381806961
-191395355
-306371170
613976806
127094215
-157089434
710559308
-832795176
529095522
-20293069
-74798069
299304183
262714061
744967059
307144918
350490059
-264527462
-653377530
853830494
280226977
879186685
-957743455
-386383639
542994715
-501878622
-347564454
13653057
523063439
-933397372
964514308
62961851
1035327859
-995522174
-94844633
1024450708
-121980827
-75029448
888180223
-727273670
847615111
-842143022
122482711
670565149
-731852637
550386382
943024148
-671972830
-879734127
140756006
366309161
694227411
854923515
-1002759117
-835592174
-1024019633
217626718
-501027309
-848997723
-792205713
-1024309364
50194622
600898091
171993721
-725241171
-820530099
706326089
764659269
963245613
-609075070
585233211
-704584081
449616052
1066533252
862353166
506280732
-923185466
632691588
1073187172
-217829659
-967699771
-957199419
-987016194
702057219
808385400
-641008879
-193341747
309920113
-34628533
-381002686
158737876
-983322725
169465283
-949632398
-131652759
-761885157
861773176
37460302
872778247
-883061506
749719751
-635353350
577993522
982314837
246505612
-661701966
258322241
-520386299
-545433612
352793776
-308125144
755231977
196796040
-523311637
-723278744
-82225670
211126933
733024098
-476414927
267826587
278983443
-67443210
809856151
836773568
-406437894
879435622
-799213726
-478081829
-656400286
760164495
1069554732
-309079235
339713958
22056851
458444007
-519303723
-878714277
-324704856
786820977
-473787221
-303600498
-483008541
-253095744
-1064178673
-158678114
-177376164
-874698105
1020138929
-523545173
-98015032
-627823704
-864352118
426409755
-895131120
-496521671
-98337355
-791463611
840262332
606094950
-1005131758
393120589
1029765611
-107294465
-340257942
-619753919
-875174898
453228227
560316323
327248423
-605531538
-206622425
686784542
696768006
-467628208
341942303
270674366
-129403185
440776575
-1026510263
577682035
-397800999
510106572
593448392
-671628984
-411467672
551028415
-284389474
1044400339
-331528706
1052964769
891268765
-978742482
-819304043
73099989
640692941
702543094
-91597305
-148891497
116060067
167866883
286767791
866084262
971831743
-31993517
397404445
-703155601
62164416
225600700
-482568342
1058744512
-903156902
-170863381
543997061
-318017529
-458898503
-493703615
-1043744677
-108719042
915764701
227257999
-976071790
-342678693
450704936
584876208
-267766120
23666816
-303727808
65138078
-586246424
-329337936
-1008086471
755509027
487652974
973073202
912254509
-899521045
-247605881
91578323
554428165
-431965499
709799938
705552538
254215617
-458045456
-936656692
554153430
544146907
456281384
521371332
-1060305127
675708966
496335814
-767599467
198077725
-702447247
-823660295
216610979
793347665
963567773
885890638
-427762701
-570237983
-221964091
-413434604
295395747
668796737
-764074231
-271076390
529072326
-167312875
814826950
336729327
1067153542
-1002406310
-574061962
502237340
395281850
243437605
-788034120
-1000097757
981900441
981384067
-175803506
64102487
-562402985
-1050627164
171080495
198917803
-713119860
825519861
-598045451
769499028
-368314392
994753060
365906819
228877488
-1040414297
381909350
603626473
717895871
-821945939
192851540
-161281586
-578152341
523622871
685281582
-814371962
999074951
-772827562
858723991
580195239
779916156
38079947
-1004407439
331803550
-11576831
172212195
474033449
836228334
465896239
-688171338
-196849149
-1062970306
-104156321
-240995687
-544796429
-471997182
801970551
699795828
507258064
-426847775
-450559716
-529618336
216920480
-87588620
-287977413
-302986989
-185724977
539425066
-735807184
-888972703
-159308722
759335131
1014696623
586556043
367901970
-755154110
-121470552
-698822365
125802737
587224116
-892224173
330243018
-357104848
336670251
145070844
-465368194
-707295937
-866751187
