1028826283
-841078734
-670368312
-1056274264
-868099637
650602741
-738979409
208856026
-409000132
679534048
-189518622
661775633
319149144
85175849
-130841548
860476536
-413793894
44889843
-351877252
551500881
-250890604
-5327749
718755177
-381898109
914155088
-284485750
-205218523
344376709
164096123
1023682412
1009954898
512399201
722390996
-370228930
937860741
697686160
716303694
-439213256
762649714
112052407
-971112922
-593512095
584595903
-1037160510
-759970802
-979579852
844905663
-649359319
-146460877
75224509
895164256
-151126934
792994894
-904016276
-1009272061
-927374096
-499981609
248848555
82593217
300433335
-933100632
993636276
-101324856
10321421
112349214
957505227
111045422
17709494
22184350
647566181
-621639814
-161676336
-619290654
-382440189
837812834
940052123
49772896
726461606
2588302
-468441073
597459325
-458549099
-226404093
-889159457
-437802359
800262939
-116568021
565438283
184953638
-515479060
568732128
413882203
845536152
-141780887
-193221499
-554167736
415896194
-278251165
241961609
151078842
770419531
-421936424
227526240
-74064710
-910679153
-597021744
423716347
4421657
726405901
960039490
-634442024
-546102938
568709351
-597603364
1000938830
591564910
516224708
752121098
28331908
-256365656
276947228
342355614
-723602851
554843002
-32026426
-154505405
928307059
532412293
153064726
-303533381
831119625
-798884432
-596407180
868261498
-62789529
385749515
742909540
-90904918
883227421
-21129436
584668087
-390398492
-33940373
986967438
898586696
125199844
176910383
225431684
781512475
1987443
-720614874
-996293816
-424729213
-594440463
247228652
230507936
-685805160
-914257854
126628308
235924221
699135844
951201258
681450257
62333184
-51657715
1070237174
549923133
496240863
335779037
278768509
-545606033
-640017938
327148446
467483599
5823349
-313088419
-900170297
-573706526
201554950
683360702
-103718616
20228751
-1050120992
-469545051
819141132
579614192
728672527
501982397
-556681376
665065320
1029505178
-90741104
134772288
463675110
948184807
1001451804
-974874457
-375318176
-627432772
527383137
742881593
769185948
-463071019
-499556702
336856192
-52828920
83009806
669088691
-371064149
131765455
872887788
363514103
575299075
-612103313
720785939
-72275306
674050147
372225449
-113357924
-714078121
-396981495
-428748592
350616539
-627384926
186931673
106975015
1029632875
905063604
-879680318
596262502
595087775
867385808
-29058399
265466613
-215319508
-349312332
404202780
-326194816
393526197
300851884
-62803117
-1012621695
623513999
-487174278
-909356098
-353662298
73474360
-611768250
-196640941
447824243
-736688688
909140126
469012964
209077265
-270622324
-1055469073
-880832080
-592042197
97270378
813580352
-190479311
-399556285
-839052773
318583323
-646810511
252663766
-557569882
325947689
412417376
-1011806936
337403838
-136585373
22985623
-202537683
1056043486
200577470
-226645854
-376211120
351752530
367112022
-384668143
581543927
935900407
-134782806
-88839584
803458292
816630540
334910195
-620959123
904216648
-25627111
199300553
-463811252
148365359
-921491643
-391507174
838501968
637498405
-552385629
-397533942
-1032595782
984160420
-809447726
-1014571468
815168921
-905506070
867273203
-28442456
66245716
112335559
-408048279
-773444360
210634491
1044872251
253841263
-220819696
1017077277
-284792625
244540794
450329895
-454887249
670252225
230417470
-916800469
4685341
359278882
-1013213214
666907103
-108781318
-541390071
839243188
-310233798
-349765477
-318620082
116463448
-542767167
471805292
82556448
721142752
-106467242
-9923389
-426768779
544885505
-398248087
159037652
44005078
-492025444
-410526775
-720012778
-287080836
-738363915
218028302
318437896
-881592043
-906680164
800126827
442359259
584222032
-677827292
-14025471
848039122
-540718935
525895277
9127400
998764668
-293802282
-84074237
24493786
909385769
140366547
1030997159
966621785
641124659
-267101844
697789474
938968338
-1067325055
-853012003
-330500020
91274141
926456632
887193590
-563124357
287508556
1056233212
-285197741
286716520
-150473512
-325392939
-499304997
649340699
341349129
584484069
-1019086474
82959179
23118107
-895945851
-738252721
797351
724916957
-914402213
183517945
-606311241
818800132
427267269
188528174
301388673
-263848640
885531781
1043101105
-352889605
652634312
1005188193
-1055750866
-772940668
-301017497
394169587
1033410783
867222620
-528454639
-333107650
-70558593
453566020
503597057
41338265
190695404
-637528283
-16006558
418468677
-821218855
337218203
48580205
-45719749
-376690896
599218893
547859607
561384327
4316092
-579434419
539826003
467750408
124894521
-38783298
-639818345
-233751436
729506095
-1001239725
869080482
-278080313
362568020
-152995777
749488233
590882974
165315220
498182959
644564647
515710030
921125627
643618071
-948316584
329763560
425365776
-981115775
257846548
-680845909
-66063353
73019091
366821383
-4766525
-43583586
777126609
510853236
301345755
244221397
-799164316
204513949
618335956
66934501
-4737564
-621130310
855318656
-495871009
-288579437
739694411
1039420464
466712759
113739590
676026689
376980679
861282744
-1059923068
-39261562
-922894449
-502451003
-479218109
727026490
-548080637
-856533265
-13870361
-775375654
832287735
-718774145
140775980
-976422294
105617711
-533415197
-683381162
-581750159
924264825
-1035463086
25788981
-930927562
246953861
-449325897
459944364
172735533
-732593231
1035999659
161616993
802931135
607330271
-259801545
-761673389
1060972778
77406251
331507224
-883254618
476746225
866815503
-1003191261
-556295486
-254618840
197331512
729324143
203612758
353508153
35818309
363927166
207616325
736431861
166897588
1056702190
565531184
210262184
-643544103
-263389179
-953412972
-709675919
162347879
511812747
-213109690
617373376
246942046
-709915225
-97502484
-783589342
93366357
-989896654
-928403485
202251399
-771000117
-825495536
175971307
797282619
-288350145
-632819137
-320268680
-564957626
-1043239372
634707590
482079433
-578628467
-674541240
939133192
568990068
-666918928
-368860288
420459298
325999212
548920626
1064876729
-937981995
1052897376
635927950
222568334
-755966492
-6674750
-129086572
-476182000
-253574433
-14544509
556487930
324955929
-213088522
802193674
-895591117
716227147
288965984
871386151
-234284370
-902553837
740212185
-749367868
-602142468
-121494775
-634299297
-870381919
-398757585
-640559487
-823466155
-599011190
-908279778
730907298
589209933
648825596
-933516283
-400311614
-379380769
-103325401
95711932
-111804340
-247819310
831665727
-962078284
21873752
436068612
841430523
-302248978
-64872071
84678412
-81862330
-887490448
-243310901
1006366211
-969963222
727047134
-409544280
-14594005
-76091991
646974864
-250392311
469951349
-1055843121
-822400209
-594828442
-1059167196
276161756
-965218371
37351963
-185236943
477440692
1054621768
-1071852057
799926872
-169109862
458976444
30920129
-1039533949
-113956085
-222367326
-641996178
-539456033
866260454
776451006
459066252
-1001414968
-700465020
-375208787
-82915147
13248010
1023463972
-218566164
85487260
363344703
14899307
-942954761
316478166
920023956
-354121115
-1014373452
-10809757
-869161744
1042120117
577130987
-145859579
-288897120
-567556189
232899398
-780068424
106595977
-727964547
-372351439
125369600
836704892
367522616
-812343202
-952718118
-239937594
-883351994
1036474065
-47019879
295181638
519468081
267145348
420914148
-933087099
605364407
367192757
-325172209
847506619
-289127371
-965573323
286726815
-416892447
311054017
-236695033
-488690541
944591730
378492964
598703831
-504675779
944202384
910390699
837603596
635623139
1026506151
-52866456
386995978
502567528
-513698473
-451273173
-949948840
