944752046
-816584948
239017457
-915907717
162897522
1617224526
-97854750
-58245818
288789342
1618502386
-1256843677
-191236370
-11350876
176449990
795615084
1747670126
-976918251
332398399
704355960
266303140
35825916
-155801261
393362238
-881203106
1563495787
56863379
379265546
-674709765
247055302
1046800519
114009047
-225853520
723188347
354688027
23458528
881204105
109992453
379586876
1189916983
300580581
-669724249
-857360735
1470127684
5940595
-1112860407
-326945540
1850093856
-1705110185
-919401545
-225792988
1289333843
882283849
1660217514
-1432470915
-1342379711
-997932689
-46415589
752445612
123931482
491128739
-1570628915
977629718
317143821
-810897434
449567417
1006085432
65325673
-358981402
621403243
1195425788
-60255487
-157360244
-1198725073
157385814
1305563242
1064946644
10989598
86643261
-231163134
261065022
-403780400
410531383
-504484406
-526591437
-590798136
1549751172
474314953
730753503
683136597
129085587
1084442158
1335007830
1489154223
-1090097471
136542061
-128801960
-565219581
-20404617
-438884300
85015489
843438622
-55115041
222759715
-117648296
-133552544
-86168508
725062102
248643054
-72758415
1164553439
-16106068
-479168437
563971787
-1218733674
1856257486
95693901
227645271
1491815509
1067752372
210347103
390686818
1018382303
-346622172
1416125746
-1091949494
-193766967
5412610
29961290
-326153383
423493109
283038988
-1655417697
-610277541
92885844
769498206
-333024630
883685520
-1067327212
988845132
-554544633
-98713075
-972148651
890324452
-48495648
924375677
-805727718
423864244
-223894213
1241456839
174722976
-1453208105
39705843
-263112220
208490672
854558923
-29293609
-1447478549
146714924
204034559
567431445
-184118774
1427947483
1548265760
-940858077
-607953201
815618334
747254645
1225565006
539391795
632276662
-509787724
-276090772
534764771
1203915460
172720937
743613771
-334639113
-363444342
-441989153
419971523
-1057131588
-689447168
-887773113
42267696
606031442
1196987568
975614573
-207932828
-654183860
-118524022
1122871535
-1080637758
-793631197
665926509
177184690
175956268
-798903150
421964443
-915782917
-105436000
422612913
204228322
-1506310391
135150888
818935625
-631457387
-591531434
1608221883
197925919
-535153473
504027500
783973401
901298287
-63182687
1785662668
-1010257301
1726947523
1008153399
109210410
-1470044613
-403656245
-557835164
-125565461
-880959359
172387164
663462945
1354588804
691975082
-77486644
-299328615
1311314922
1156351792
842327752
31182243
-1117873345
390899853
-345165088
-928337284
272031422
-333447413
-933185036
-1411379280
-17045488
-1310640433
-1508367288
-1261942076
804381658
-22558317
452184655
-485692040
-1137000302
529759357
365687563
304789197
-382426664
-1303288383
-49166353
-1554120481
119144130
1249648964
650951212
-701805263
-903924844
403261735
-728672841
-634826682
-800880783
1332313900
-557545846
-284759802
-72140442
-151179378
-53106368
444437181
805651175
670528819
-1282488975
-1198611329
-243075912
-692055174
-108506387
-383674444
973252370
-320019749
388601108
1858080060
-255221517
1134837067
-790068985
1363193092
5293018
-840233396
-577767337
-74001967
-1563487821
-930963207
1704762422
1413949411
-93319377
-1398948910
-1733060802
608951633
-892362873
-1001323458
1838632893
-1124072234
952760463
334902247
81145023
-830619202
-91570113
146579596
-143486624
30498799
243031506
-1089981440
2059197394
292338362
98681215
161432775
-1022443438
903151623
-549650954
-810204492
-723279206
-13072557
-887843614
1503611995
258741298
-1353733273
-113474930
-550171392
-1233117471
717853983
69443569
-247585529
991273373
349701796
1142056900
-1039554341
595441018
-59576022
219713296
449258532
-130089719
-921568245
-205298629
-827419222
-408958761
-523775869
-1227054456
1162620032
696930860
-282888212
-1411355943
1744329211
1352749958
1421825628
-42204153
1012480680
795172666
-153722957
1028462805
-504571073
547491495
-1243751122
