740735853
668337328
862504496
34429863
-382953099
940357085
272930739
212443852
-161950505
1026885001
84617604
145673098
-966931935
595784465
-356238286
-492683879
-1072313910
45170361
-216793193
606188323
735724984
-441724925
-592803603
956071528
-452187306
-318060145
-1058848057
957936817
-321979948
-423358929
576458225
-383511480
1069048761
-620993242
-39792250
113179706
-381047282
-618828673
-172281465
326700400
1024532249
916263355
522594445
66895950
-924419024
-223924922
461787998
-586234652
-440729081
539721769
-11918982
359084885
609645564
-267506706
-735693949
140777585
-489864081
308843179
880165085
542725165
841796277
300872886
921232610
-392097122
1052054437
-499410250
-477970721
-474058569
406808361
-83902926
-208132580
-1050935113
-913948613
-860295053
412838029
-646218938
-519319807
-936923831
-513255697
-519141559
-338150702
843532315
687539071
300689994
166854086
-1064519392
-586248414
685168888
420259573
-841741146
-181473846
-15620168
870169332
-207834610
-400478383
-611334838
-941536326
393946896
-896059029
-235981135
-165906841
-247775155
823508193
-897064999
765595178
-113376983
744672421
-68728436
-820300610
-752631469
-317360935
-363393160
-827976580
374712057
-94553065
772464081
-874683427
581716648
-189816004
-117817460
62010287
854337809
-1011220165
-252975159
562747792
702801675
-255529812
292118571
-505197173
-955756608
565757784
-1042705354
226195136
227415924
-224080287
-548438817
-668689336
332896323
62570389
-889173853
-59441976
109985175
-701980588
-100453393
288106253
949166885
-372372861
1024632904
546310444
449612880
-1028354099
-767145360
691665503
-729390313
316885799
1044211445
336064838
-616158386
-720670353
-60875809
418060441
119578
499435468
-50255575
465854842
-906867765
-254325811
626952748
459408425
-445673484
151694304
156956031
908455986
-22809959
-790136999
-624439487
-557840107
365135847
-71782153
-107227427
-338037621
-109920847
-984544117
924094755
-79110705
768539016
-860767466
809137562
-295425176
678464043
-53756450
1034697047
-1049442678
1055442216
146673123
-564802342
-167148022
669189355
-200846713
1001355537
549405579
666549376
-283578440
178151621
-480766761
58456132
672397984
149726868
171820390
-223571115
1047966844
-374394531
-455030806
977356619
-739047035
-493214291
-992947159
278363792
239592730
481401874
852526796
-229069352
-1057524712
-111762220
-710041396
829870165
-249909412
881235964
864490485
217259161
-531672696
-360216871
754828120
-95282961
755079416
-858267241
730668171
-126608198
1053636848
600397192
-303317841
485801778
313949528
230552810
798145832
-470755686
772645228
773964725
-972621637
296846241
353156524
-997649507
-573858216
-278337194
-492480751
1016190585
-870280849
388397002
309971610
210102198
576755513
301424526
-348725860
1055130173
304196862
-1015288036
-708245622
419816270
-843306196
-964459652
-594718994
958596999
-414953862
934581786
-175687079
-123259623
4016436
452362893
-714321002
180635178
-376859155
-784407584
73680189
-563414565
-250861548
-157191170
-505414390
846214747
1057498975
-973524149
9588906
-16150012
-623256451
-433377513
-829069352
-873337961
65694576
-62686766
-737833859
660201563
347973403
740511218
484907445
-233027172
-1035850607
526354075
572420030
1068539825
423635245
676734161
824850310
-554374155
