772174365
-823448505
-36661697
278855605
948454960
-269589809
-355139284
698317359
265234742
635238166
459965878
644779796
-933770631
928333049
-56767330
-1018795170
-996848569
245974936
685823083
1056808795
-437248726
-560990499
-100774315
-402753108
209016423
838540667
696209
-416318
955832780
-187901984
-871076043
5242989
543661565
816075917
71022057
-1027986780
115490108
-715176211
944374242
948143510
-130700944
-609400429
-578731661
-477784724
-470775040
-334522450
669129298
-898533208
-234699371
-732022122
213589833
427769365
318134974
464780736
177849704
-364867956
498880614
-1000519753
-170151242
946194164
-823289485
-820935434
-693688065
720937401
426232363
-792295882
97552132
-310707413
-31627006
-860000539
137787599
3837645
-289682600
-666766741
-336352349
662629976
-1019784194
476965844
721896646
231054833
285142241
-474313886
1072289048
-1018261390
25693012
-42033175
-194087905
-212737595
-972475194
952511440
-801059987
-289600683
1000771041
705279904
710183481
-332788634
-682982059
-193058642
634745568
1001576451
60355944
281266991
-562285753
-359644822
897040007
387473327
-203436040
-456695012
-219168851
-710577901
-594372192
905306282
-25589837
135370811
447470584
-456769702
-454433050
47667832
8208703
-222465808
905837412
621338455
-627948879
863544247
15054981
673787231
430661081
1062595352
-275222942
-466655166
-45951903
-36264502
-367571280
178507640
-520540698
301364807
-397973619
66100939
-552218196
429577601
648556505
159535399
979210368
672374021
148012934
-750756444
-302410401
923232537
-639838314
397469672
-257952412
289009684
1052980557
-298250737
334881224
602599439
-336661427
881299621
-927430647
-428017884
-266937329
-1043952687
897617551
1034790447
958742513
-202283036
593459141
-596402865
555602284
-411117380
605249246
130138563
372617466
487164941
-88387947
682235505
663956822
792842609
-543873499
604770530
-290642252
-856413153
951854462
-588215838
-843565847
996093382
-831926355
857505791
473067942
349465388
1072188984
150550720
-473504565
601784058
75388329
-207894800
165748205
658396439
104713651
-20424889
745618306
-39404451
-1008335291
390109328
325003850
-408861629
562195041
-970898220
275205456
230182680
48795679
768654060
828872679
319969385
750732028
-1017607069
-896594400
-1009840011
145021205
-546395242
1028321549
435787498
-60536892
-978228058
438204864
270989165
-932864430
198255358
548073806
467987632
957349304
120383928
185311901
838687262
204410327
245524774
-6706775
962089079
789296266
-367265333
591825614
941578414
-310271754
-902591504
-842465382
977159849
-759872727
189703941
-302420474
984257774
-867768536
798856522
788141597
-1024398081
327710841
-439338564
-422214426
-489310243
841947055
162800037
-694460045
796361235
225170127
-120606769
425528386
-193379457
-593247394
-44383205
-941435658
-967115881
623717917
516866362
89599161
-174929466
126758239
416447564
-689899817
-489774956
938070076
244330939
-917664058
720882430
161306782
704711215
817044235
-265647534
1046883810
-609334615
653516097
-723359067
349982208
-200686768
460283517
758493439
-1041295281
-848334767
799994070
256665334
-62027317
-59277772
360497087
369636824
-838076032
-502338669
-463517776
329760040
298462292
956904730
-980545064
-525889507
-241369073
-998505386
-425328016
-1011665309
396570070
74969282
322440256
-778060840
934444560
535645066
138414096
168550836
893428655
96727069
328214058
-1046077566
310553941
944836336
405956328
1002982015
-1025039106
-947931024
-216369943
149102249
344083460
-402208088
-873929111
151879872
-423486291
-494631609
-117165853
-57859018
-719704844
572077469
-530196296
97515327
-287921890
289643509
-336390432
-857048865
975351898
583778380
142328416
-1038213583
-119520205
-994333094
373543686
974908645
-684115893
445217315
-596495456
79761008
-117003339
-1035719648
-89079484
-756764958
315797776
-819685484
51573074
-127685751
512511178
-40722587
248095160
1005111993
-469773534
6365016
-420133588
-591780263
179583024
882924157
-758448077
-701768865
-487545528
785434194
-694337105
-261414527
288952329
-1018129318
285576611
619409466
-1072552455
-193825942
386831936
-488388132
-749352342
-610388392
67807090
-834048048
-672909603
119138574
804253688
-363684708
846733207
109779717
-1055256911
15917971
-213738152
1030377786
109301343
-652389462
-760907437
-405201051
-23188101
-817223979
-1052991125
-830486490
471999542
647826332
308432832
-533380271
436869245
341467789
116836519
-315484259
-201474509
-111010120
-557665612
-691121478
647656359
631301154
468997315
-843307420
-854746937
-859325370
478660874
-427383150
675428228
516844434
-802398483
388793172
-99787499
627040419
475832433
768989692
211632856
633983864
1066017687
-920850117
-701445881
-1053679600
169215737
39583357
785434718
-83209391
-272213175
-739832225
-1024185325
-209310178
-1000921439
-309932462
482121314
1003278535
621710372
11644511
544349259
23143431
955767537
-151119592
813591026
157817651
193734972
264036232
-489972615
-860613323
926529355
-375848761
-868581515
567436404
46442080
514506796
419654347
50834162
243154503
104531872
104024968
-17527775
-325264309
284257755
-316163194
413780128
-746319585
557416756
269389720
-546655878
-446521338
-672729115
-296520005
-973926718
-836758661
-694920695
-168771159
-478670056
995860558
-393430926
-330933532
569554367
760204529
-266735271
1008938067
-1045651490
-861182250
-578708961
-673128595
-900080399
394161600
-731490119
913256049
-979419514
398398761
-506836200
969842278
435002316
220723462
991023142
-552590909
-121540710
-397604338
-813739487
805272179
1044442183
-132012280
-698359355
-1050527162
-979779379
-496496635
-108113833
-916093326
-276240937
-840588400
-851307781
778503144
375714472
-74100367
565000983
720851546
-587331961
-360683731
-95763008
179465448
-449748910
898842313
-307124850
343768312
957918313
863193482
-339825535
517779270
-243191414
-141945931
-178181932
-30602700
-664042209
-250249246
432583209
-31757554
-19423055
-1053986465
911020683
-749965847
-240590915
-376540732
-90846361
-844993826
723723358
-250314775
-770221030
819938452
-674098128
416549226
496443241
541016351
236458224
-300240848
78599966
-274457812
-756613469
905280
-606440971
1050416052
1057257175
526621362
426057048
-594695657
-790680615
-800981411
319767055
918458923
239726147
-252408360
922971113
-429635369
63789701
-337776605
1041584102
-528884290
784924783
1004177976
-964982293
762713009
1016569160
-15778725
567688330
237392754
-1043787558
-571609420
979047574
-915269041
287450542
-82655292
577891430
-497895829
-922057323
-222939793
-358616735
763706524
877572935
687956254
-865463673
-495659242
170931405
-283917307
-412710428
-171144134
-705131931
-682404448
-1020902925
87811978
-217799071
383057938
990965973
517573142
-888391031
-545596826
89043316
-1043393616
-58000920
915207910
-163987410
-55135900
-432974651
308344045
-368914433
-700445713
-530718943
-1033057747
512896623
1067867346
-900961831
-439507740
-895897938
158284447
-402263495
-781844973
-128452791
-185374889
864331962
1021182029
646253944
387651692
-242753558
693403623
931399777
-288093241
281546388
694457468
99627470
-985876057
988056815
-528740066
-44428896
-609529393
-79077870
-768770586
-282287055
402481912
-943889039
577332395
550519133
166495756
-664289372
292517295
943201907
-134294736
-722708826
-162798643
-924084939
-93724644
966137463
939959774
-318235531
1009913228
-909317285
-167771223
-267201384
-850167471
-151217015
-825985780
576166407
-739712586
-300976961
538161327
-771563835
-470344043
-182950477
107278957
-204110793
603571619
-868962724
254528782
379345558
-970821840
32604912
-200520183
-474071529
19834387
-193621293
-197939409
-578392541
-1027687851
-554824451
523580937
378555821
-981285677
366747477
177275875
1067919038
-157901754
696244320
500156902
-300238482
580122649
369740173
62224843
1068324547
413272943
-385968020
524071100
462393479
-1029256714
782117565
722098022
-505979444
208504579
692311096
-993922415
-435193206
-597456460
-793093133
-378080616
-348329720
-236876962
997330698
179926709
71219629
-240736344
1018839777
499020761
-805916947
239268859
-873143359
274240910
730664289
-509818134
-757207986
-135166978
254087947
224033133
-254532827
-990196825
1003913718
856265599
-406070178
304990605
318708491
333315432
-948560375
-463566423
663627316
539997576
-879631855
-50851256
1016781185
-633860921
-50291094
583963664
-613725182
-562898519
-133024063
549562664
773641783
685370453
470851460
9762275
664764915
708292547
-930288035
162189274
108750785
935013357
-716952697
-165136385
859040284
-589582484
498391799
281851321
173258
397014591
659020501
468959986
-505229787
-38719831
-22928673
920661550
158696228
-748505304
525613842
-935638810
391305117
-690722349
-628945570
120499450
678813226
834937198
817096328
-1059889832
-917847930
874443266
-971040582
792907654
879633209
966858299
659874269
397974832
-501107509
-231126144
-425819842
773971269
-884694595
127987670
-885394995
-390923939
-760524040
-863537242
-126825366
-911721337
163997624
-611794300
228691973
987509603
-788947572
-273178282
306119105
-535316496
516328704
-21015327
-314630083
-820254079
308559647
-144108263
-839474222
894605224
521353969
-730990455
76452647
222179655
139365465
-26550548
528898542
258667638
-28524398
-782427542
-328511893
243881496
66655112
-250536421
-610851663
-401546314
-537181664
115473019
488815723
-492808331
-247507137
757457261
-823342686
532241455
-571252564
672470953
68011104
591442081
865011872
616926340
-380245374
325416961
39947975
-525854659
699166413
-998051400
304679928
525128194
-1071827351
-466825785
505245966
-401597004
-362654809
-1042277163
986304125
-762617434
654407438
-673115381
-324216976
-284322549
230384379
-57333569
904113089
-808400907
64801501
-667588309
32751659
-711750183
-1031945226
-19879606
39962479
795624371
-279193774
-705164007
298496159
138285339
-876836221
543732004
-451968232
-121720835
-389779422
864016521
917319576
