1960469240
-1605973830
-1474074568
1149287074
-432957746
1823849494
1555028794
-1712764372
-708071441
1302269698
1364371042
-952101252
-1639282146
703957390
-1509387357
-1644400453
-479124427
-1582315959
-941740827
187729241
2067898476
809644627
-1128859839
1912485234
1611707623
-1797705183
-1014142396
1064830599
983854556
-87235880
-152235525
583072250
1497152151
2140084339
1158898086
966740391
-768742268
344318891
352113280
-1366525
-824294270
-1918381690
1880118460
-568482519
-2036599382
-1345670594
-255839179
-1436655166
-608449852
101881088
-430019170
2489970
-397943132
-667145505
1001812731
9056794
246641952
-141108199
-1452471547
236471271
-614241866
2047841964
313466570
77702081
-1177127762
-642114521
959691256
1611778636
1003469082
-1173268885
2030488275
-1956240932
1577452033
-1887665663
-1585231278
1258941421
899541204
2051232202
1229169535
473287803
-1348469587
877411183
-942509857
-62137419
-1432203373
-1746179162
1156936653
-2119443806
-81656790
104728771
91308395
-1773639573
1506973970
1200430858
1467572397
521627778
1237892314
-1914406457
-1496108834
-563464961
218466407
1369758062
-1271537583
-627650907
-1732595874
-89789727
-905455078
2141868423
1072344757
-1321548417
-1217135964
788841285
833477353
605221507
-1870242801
-543006034
1814756474
-7451941
481158212
-1773518065
145771601
1685103822
188464764
1957760374
-811948919
-1459772503
2018545028
725548282
913547196
429067913
1770658060
2131773533
1361439219
-1304011901
-1518951175
1192642996
-118359065
1563872910
1295878320
-868910648
-764248998
1153315516
1644556166
1095064244
529608806
-1473524046
246550675
1983549630
139861766
-1545803879
-784585569
1065846029
817625565
1184898864
-655622844
-1433536723
