-264523446
12672023
150414113
-740220681
97010377
-112543187
835141461
-108397068
161891277
-121539082
306392525
-895794831
-420494497
1019162571
-97524883
836768157
197380018
-532775653
881268371
668236246
222161695
-675413344
-471304615
-752399785
939157934
-272978043
-654464247
808368045
936501404
-964856370
270164746
-936593691
84839126
524435849
969748103
960070968
-568982371
362248289
857500723
388929988
-127433524
26596512
-509710396
1019875148
-665282086
-563340552
-529339055
976015104
-615005366
829405662
809147109
928451715
-590914877
-53018352
-115329681
-993042919
196981667
67096130
-427005145
503378307
766135206
-779590964
-995696770
-108560264
-341668688
-967785705
-122862134
840474297
331601935
-19725890
-1071718703
13516281
397430665
-350071245
-773903315
504904916
-382927849
771933451
435580935
-672127519
462742616
-424973285
638618722
507430915
736304713
645081990
-420538724
-323816854
-163768749
45114171
822545533
1015043026
26941276
1044788659
-737849523
984100209
-320446112
-859242340
-1066486056
-605918047
633398980
501666477
-65542277
-464907047
-630659215
712316389
-70516591
758992950
88623175
180310372
1031957155
941577069
147178015
-89992226
508221578
952616769
263885795
-693223595
538312214
451016104
644510296
551156994
856623916
-304109146
962344226
999089676
-374407576
-387709210
612309352
-964251192
990955414
-604600920
-401257712
828740211
813221559
377478307
-225574641
-39557194
650632958
-99557935
-594433069
-473022974
-605165069
527402143
-816457722
-1050030270
327656598
-876743271
-678609982
-466883825
461612097
460895624
-762283136
-366837619
-997418425
-883703706
902022426
463223347
-156608333
539493205
75064317
-857382419
971346697
323163843
745681216
-991818026
954076007
610096418
-447931625
-961814026
795590244
506065127
-1020549172
356169081
236119802
929825789
-510471084
-675207842
1011035113
455670587
-735144080
-822337660
-60776296
216434463
535340096
-192975908
518089711
8602019
569549517
527677281
459263601
167070689
-710040995
638120840
202165022
827539171
-693446703
-896894702
-906432637
493217677
396641969
719850745
130604256
-801906896
-142982746
-738589310
530632114
-871577080
-49152489
-1040039706
-91609715
852381741
505717323
827430217
-593895460
-20756370
444304495
148229658
-248787678
-1035491227
-450951330
803538861
381564322
-91446049
1014083781
765750053
-667756942
877929985
-438198211
97739430
-548201871
-551350128
-640738961
846903124
93932347
-686271910
136725644
774635598
165930090
312945035
1000592032
-661310039
441386626
-983232098
418694507
414858244
944239392
-84254386
-991826743
544214029
-602820062
-310071786
198293139
-408590252
837661861
-782138196
-759391906
-1052199726
294214329
-467750977
66669494
758507789
1021209767
75355773
-649312994
600661118
356157953
-15984804
-915932453
360758983
686932436
229190216
-493415216
-98213886
122450986
257672677
-682644837
682279180
-1006865822
-502189297
-541221255
-656479411
165710963
457986194
-9493953
745195218
601645868
635185072
227062370
-2142561
398883493
534094383
498160245
247606752
299712712
564789976
779996603
772652324
316270258
126075036
-121836526
680241735
267106773
607015834
-565262788
724876378
-516027730
-898941518
-71910447
500988383
169209634
67217245
-87518245
-1033541927
-761055512
-576425109
-208157431
-564973116
-34899074
-372521715
-890080386
275704978
-533599308
632907858
678273197
484556337
416104259
136217549
-249575003
-237512700
477161895
782133865
-82846508
-381355458
264953125
197252678
-550953629
-342879631
-121739104
-472034678
863090226
690311442
1032015648
672031274
974102488
551615492
415676318
288033275
849073936
200187137
312661775
-857016045
47366011
482826273
-1000978216
-779525098
-282933036
-765436121
1047993836
-495490468
-261944851
291764190
51088271
710539380
-515585087
-562927909
1049359088
694250716
106850276
873133815
-557058251
7980602
-958259125
962290000
699474812
-340373798
-233712752
-620985024
-574582882
-802818226
-357369689
-59236217
947112555
765707586
416252898
-461740995
432964151
-489703211
160746393
402621353
1030425363
283530056
-906569043
262810289
1006903473
652362384
573913862
99257455
-891920412
1022587736
226090809
-846650431
990646271
-718859794
397405751
935724560
-778449436
150099318
12396285
-922005936
232814536
-79758449
591377711
-627161334
625009498
-634052668
-208900485
720355110
-770330317
274958588
-816190993
-1031739023
248437379
241262387
-775473778
689301962
840317900
-328781286
-430449813
-914143096
-352002840
-637933966
986953743
-466637720
870668575
-884330139
269404683
352645401
-760931179
709813027
715511616
661273694
142024727
-87707169
-800718665
1002800867
-527906359
-624074150
-821480642
-387685165
995636748
407491561
-957957692
-460476310
-912609803
-1021788219
3528447
944686933
816244647
-939055847
234624158
516425076
799972276
733520752
860116151
-8598318
-685160779
681334024
230978021
142052535
-403971014
508074552
-787546548
313886546
-35278005
717288118
-735291162
342312529
52726109
852016519
667133604
-882850623
755846363
421536016
-335128940
-38308170
630250482
205224120
-884413487
-390271375
-617649298
-622998046
792792288
366049911
-294983576
-553151375
-62379577
601207588
799863210
824055973
956034793
801536754
819435843
-941419206
589180472
573697705
541588403
-738809367
-1044838878
-663645488
931795886
504726254
50790207
-653405748
-558840158
96772509
-540212331
-664128001
-889260703
739921675
579975651
707010669
46142979
596653444
1005914349
1045864271
741823026
-983344945
943369472
460754987
-451537927
271743191
285329835
821396510
-61974846
-565853811
-633844367
923870281
-602423741
-137807553
-772396844
-288346887
342461617
567142833
824571901
720065007
-372613205
24923777
359013919
45417746
-229889524
-86418213
-830924519
-340562514
-512737815
-221196459
852273864
-456520989
-1045342540
-421146585
5189729
838187891
-737911780
-138237968
-525713765
-264252803
-114713613
-944638508
-277909256
1030381729
-1010696922
305885558
912052700
1024009816
-249786678
721761616
35840333
-536262883
-690217238
883314011
1052207830
-100301953
586064032
-435992301
537258325
-1047152208
-1699357
376640328
-832524013
-330767362
-42031702
-511745560
286011320
495662958
-305851569
836702152
875260812
-342344195
-1069121073
229730702
-475368293
545459425
559652464
-388523838
-48112466
875038149
-716894142
521387601
-70916455
620616835
826247439
839268822
-353912477
801662129
837201580
-628007515
365743679
-138714447
-311614932
920514645
-555274471
-260457855
589273961
422401087
-542019742
58488530
305760807
294827303
679325382
-822806435
-116893817
1005115994
-687928155
-728034758
251317264
800495085
127821149
128500992
-953797573
1071606676
260001027
-900485975
295753394
584046527
-85398989
-830358036
-383934829
-845558315
1009247249
531478770
-693439550
129912227
-133499898
-986530065
-259396471
-216047503
178531157
947713645
154563705
921235847
274928032
433303660
-628687085
997321884
907285963
400819579
-887700859
628403379
65171271
798472578
463035196
97027124
-535117810
-761626864
188120772
702602262
124505495
333181569
324360847
-625340246
730068590
224906715
813918296
172696189
-860338049
-864604387
-153014565
986763407
671778722
-125775347
807378839
480730805
-950817587
-743765434
-159896210
348120149
-503416485
922409441
693219104
-742506417
-630412672
-979605166
37815690
-261412838
728182898
-868078632
669668128
986060639
-289355129
177076793
987409606
641197169
392227936
-383476101
-512104391
847204446
-290764419
301035188
-925485880
-1071493382
685054758
910324692
-237810173
-402367389
-706843276
-787915987
271249650
-603001307
-757606727
-854171794
483570697
-554683536
393923676
-637829740
907042131
-302722314
230466432
572081101
289639588
255111853
-905779412
-618213851
972718701
385985070
918304621
-122132459
106132082
134129389
-814367955
830262012
138718582
-682706406
-148982866
117405930
-210942804
221150218
-251331286
-830611949
62343525
925381030
1031427447
696497811
590295134
103015530
304322918
-164372651
58491321
854297010
770939917
1009322428
-699203427
794363477
-342299851
-659041067
-731291626
643942058
966714871
-813118370
-179806447
-152790133
515282160
-553332340
-817832868
-818016029
-612741790
