526905142
29394833
577560621
-648707828
-71378365
-2005601517
-92542610
31576637
609771232
73702093
-635384747
-49882059
605495215
957871624
-1405980548
-159408915
205150967
-629759935
1584577820
446105593
-98969479
1090207133
-320684860
-353607774
-1546015502
928287131
1800746654
1584109874
-336590348
1228894331
773383910
1531805364
-1819189384
751931892
-1369810042
-1719869753
-761912725
764899013
1572943840
1320327805
-109753521
146321320
-497864378
1054605404
57197399
-1772630946
272275138
2099209615
-1828155994
160758027
-1039898889
1176096229
530150822
-534322007
-262946248
272197846
-534924700
-1483896703
1663447617
304312968
641368465
-256593079
-674775186
1618013283
-603299185
360081055
-846053518
685788330
-998404876
-56176644
1493748010
-342750689
149294917
641823236
-1588250531
250648916
55935446
485761890
1173897708
192374699
1018790381
413115450
860950989
2034429931
-94884957
-923056198
-1431526273
93289637
-1398774617
790667846
1797232085
486798396
107691662
-621520169
-396667843
1255057770
-991528264
-307177841
1921177463
310794862
-262462975
281292227
-804248676
1082750894
