-549708298
-1485827218
-770911165
-165720056
926268027
-1251888100
552170382
-711719696
-1256978434
1610594414
390704888
-528574613
1190232297
-1042141213
-767211396
-772149401
405506733
-208804356
58764590
1524960305
631310747
-212375101
-1254167929
-56365249
-256431734
-769206290
379215389
-33505148
139545655
-919891555
1060172509
268290398
-96174781
191930052
-319685138
1135682248
-683263989
214755897
484331128
-556898999
-199938485
1100365362
1893509945
181525002
-1789666266
755099260
-17827940
-342269315
-1405336396
-528186032
-288433261
-1466651069
-577724114
872442717
1053511311
-137691368
-557630043
112818154
817962002
-1025932503
657612503
-494953626
-1870068787
1683000617
886421845
1907373789
1089314327
-1103555999
-468719202
-434470526
-1912467396
-190258622
1265939627
-66661134
719427846
46925327
156326538
-1375926
200000208
-492549679
241727477
453513935
-586719777
-240194072
1020083075
-81066135
1600182122
617518184
373827675
-1208935633
-25138870
-580552486
-16665979
-1063009179
-144207886
-69881310
1337375302
-1504688687
1642533222
-1509796970
-666622355
75762202
-461606237
-175620860
-1749990385
-645667011
1422124780
611014386
120648961
1350481785
909364497
-429541903
325860870
846627004
316099817
523642253
-353156660
185150646
-777884078
-576537459
676943902
263665488
-1371070314
1267075750
950675196
-151388081
40219157
1820695717
-497692925
248447944
180104582
594992467
338471463
-507271120
365051843
-75985698
-1045534151
842277706
-994973181
60443781
-1154511310
351578430
-265074445
143980136
690202440
-1411867469
-919705918
285959093
1386107950
617644475
-901910904
1856164643
-102837765
-533225016
1137798623
-152371328
-1232402542
-296322409
1071873441
661655832
55036112
-539273558
1013671625
1136497468
-1569865894
-1384673084
242751955
128811895
-1674119734
224759425
365526888
-104793340
-1478084137
-1392450409
1024703866
-136587644
-528850101
409286285
600034011
-471074963
-317588428
-539456617
1017150036
-251309891
-267047518
-690345667
-812431742
1249624668
-107332155
1190579577
-1272541631
-461210325
818651132
251720090
-1091422592
528149217
211837243
340069025
-1504785138
536975363
-1476965347
889863590
484728612
310085522
233389265
174568628
-1050409326
-1162299148
-1020152029
-322286114
-1421808630
963022504
-1766665425
352783588
-562623000
1161886910
-1065217704
-960919127
-1039087531
245331795
-420136935
-512405956
-1339480574
1141562141
-481674312
-503118661
436275644
-246869503
-1026382933
381652186
-1401239176
1668290068
-296579932
88572614
-978549528
-565399861
-882299894
1421999116
546682988
-321555724
1237681535
786532362
-312187892
-606324940
-1364254638
929260234
-152790525
-345379808
209491568
1102053896
-1028912728
-1388278351
1427987002
946746901
607520347
335590520
1269054903
-88482264
535295189
-1778422843
