-964985771
1533621663
-1491796893
450002880
-368537420
-1681318072
523148000
-160539034
-1441909578
-163972110
-541805670
-318829323
-183461002
1590596873
-799055315
254213031
-331885833
-192858607
-1087121341
587440550
-643656369
-83671621
-1674777779
516545004
-1693649528
-810501389
-396600571
-1736656900
-732052024
309801101
147080313
24056504
-1005010878
-1147775616
1636123564
849624200
59011373
-108342389
307147602
-1017750219
787556388
-459140776
-286316388
-1378361149
98158956
-1320862817
-1020793995
-489000448
649416877
410883848
498284697
-395157181
1023190628
386181658
87580254
-29877506
88068076
1451223145
9615689
1145963294
842094619
248874355
490959982
-1717202540
-71513826
-16299860
-693360619
-6179651
1594986800
-326608550
-1007183984
-109434613
492838592
6759261
-776307361
700636102
174938937
-690241870
811253111
-119538657
-174147336
-1096596595
-224333916
-725387071
470185802
-910625642
-229025853
-840538881
-443295960
1621321570
593514426
-726003941
-500330483
-276316612
1219942812
-435484997
1021031084
621548734
1049253362
-673847048
563550851
-1132140207
735961160
1268581027
-156284958
-896964050
822017604
-170593537
225194549
496263595
-766423943
-427475216
1530318394
-1045401819
108890997
614652393
642484395
83883342
-1780753547
1913227490
-1493570490
86352659
141861035
1278076921
1278398698
1513173164
81001853
724868082
-1426890246
655883283
140443444
982300701
1231509201
-482289211
638249983
825316038
-1474071756
913615554
92599087
410284553
1848969038
1267630345
-1292007831
137698636
813211889
-218501850
1198955938
42533887
-182669063
-403427022
-390365529
-311770973
695676092
522854473
365587250
1128717350
-754011443
222909376
-304304622
268121132
439435254
919736274
-1389931961
199261601
1401491729
1594196978
762597036
-331326422
943758745
65292231
435695400
-1240971771
59839170
1427213162
-163720523
-1511114406
-222305792
-1687283163
1154083645
909217665
-22141193
-1277616301
