243509579
328900916
521464677
-193817790
497383341
-335849607
105655237
-126627950
-135949076
-702304606
-409512559
-677307048
-622749114
811075994
739805981
1035154392
-1015331528
520053191
-515819674
-766374200
755466611
-584273518
-113077947
722282340
-8049435
-985844386
448681294
631884061
-685607000
823262590
196155799
68979406
-816735545
-1067408284
-315188820
-592827441
690679300
-606551352
392634147
3929371
-966842555
-946256872
-710871896
1028765791
180163822
-217117407
642094626
-357461667
452002817
-40484526
-287536719
-349490509
-971815726
690060237
-978575920
390187373
-320426127
-180060703
272124052
-653842132
283653783
31636005
573018068
912475136
266553253
-1020938989
-445698265
-953304272
994593580
9289836
-1028939849
74610156
551309753
-357808077
1039297446
-432480491
829240846
230094349
-950902453
679585444
689142059
882428298
-909873950
-411018624
309111823
-798157320
1065111396
235224468
-118202744
716695211
-646590316
925108099
1048758823
757449041
-190832975
7877090
150824115
-470928441
-544121910
662277054
-779110319
81414811
-606507648
646329414
755259238
-735933891
-991070980
-568857776
812339096
873185369
-594965196
-359057037
-653489046
-298695242
291928307
-618747297
-776442146
100439066
-135210238
574556925
-1007152175
896152850
99153754
588714833
-1033387146
-762530036
163445959
-496293993
846969759
-375483862
-41887573
-925736978
-823435658
659062887
1019926688
747653196
288088320
-30897890
-428350222
-606849328
266905175
-630738732
-194900292
-53747197
450108472
98844503
-46669236
-695005713
-335208469
-743961429
-934455452
-350341365
-72409474
573609785
49814867
123177567
-347895137
-653138990
-5598847
1002872018
66694814
797563900
-278435242
-721015216
612449813
-449908836
-537007805
380067415
-554144491
387669869
-947220329
128446380
1029696201
-44948555
211593809
817522401
-323080320
262104478
796981601
333123206
898670623
-963111425
362952310
-773114989
969649101
-597635226
925499895
740983382
457831432
-749782306
367440718
-243667057
-1029403279
-1042530746
-762885446
-162986810
356670110
-549841696
200816992
-775106842
76695861
912286341
-341866215
-993651093
368228278
-305383506
-240192656
182618905
791850652
-561591004
872149810
155630512
376289801
-526238815
100163479
-150757770
640407056
467715605
-665409955
141061885
440909065
-619547322
971991287
-554127943
-83211972
565138849
177028149
-207702060
-114010535
691808195
-144629847
-669618422
229412436
1067813135
-849772990
-801076695
629661861
-235531280
-807271865
-876972923
-674991551
-852939143
507879711
62757293
784764616
617365029
293313344
-141761190
58579278
-294526660
1064323150
321119071
-835817930
-780501867
-622522640
234577966
925131851
-1020252864
233537961
-745356302
221215758
256103987
-729045323
255013666
475810417
-611230090
191188109
393644762
648198624
240169797
534391691
464258689
-345048122
-966264483
674750987
-652167875
872737333
856106328
-618538660
-728892353
313338296
395807489
-276276682
816143629
703446810
206885752
36641129
-101106428
375346847
266855182
786447389
359282456
-100774370
-162207105
-979962366
685463709
145342661
734530773
-597668243
-886514153
206720841
710433537
-559082801
754683127
262437244
-862263406
468811425
930458245
43079533
-961392371
-125061103
991570758
-825872159
-797415873
786398808
1068389823
-466394268
-211856428
170965923
-193336808
-201702602
176065903
-759604800
24347576
-769368468
-369666829
-1030944394
331921231
263085526
-406764251
409332630
-705531550
627894445
-911202977
120708120
371165304
1048407743
933154000
560965298
704247233
-413620877
-1048359007
-876590666
1066875068
692911697
-771706637
-1061257256
-418779821
31422706
412427926
86471578
-1010849761
-622414949
-111805342
-198034884
762146802
-666401002
830110799
-750243146
-156967172
-529040728
-384515075
-292595940
-565703442
-996977879
-595400220
1051824028
-1038443794
-311209851
472614715
-723279927
619450970
-1040856963
-932988054
722145152
444376820
389077183
-811723344
247345563
-302439569
468549836
-216786187
-160382007
-840522532
-98409491
698089687
225516185
390591313
903725652
-1035685694
-509080852
252097026
808787017
476635966
-1001003248
395203505
103071565
-635728846
657072214
462847510
782070548
524909371
-483238246
1069141747
826845926
-1055769732
810726643
765523449
593190016
856041393
214344185
808642747
-922122262
872704034
1034991132
-17259837
