374940016
296502544
-875259555
-585232961
311135792
-976605999
721568816
-921320944
-109001932
444382153
336748666
299018955
1066929311
-339792796
967352957
705003001
597321229
-761096559
336417379
-124337979
443758307
-950617643
-139483740
-200462025
-571933969
-1063797950
-679298964
996723828
-174136737
-971411725
304552627
650641336
254986311
423897575
537999749
845551641
468939151
427222344
-629997457
-591615052
810117547
135979300
885062301
504348226
937049182
-169309664
-72884676
475933361
-538972731
-879402957
133555133
1072136957
-729582564
-427375765
378110636
-567870816
446529149
-1001085792
489488867
216194573
-425324542
-340786609
515345096
48540047
-628505268
637220509
27313718
278160372
920582312
859603363
-976307050
100132298
-294276813
501745931
450315827
655706842
-867994459
-796264937
-236646713
898602805
178177317
623787107
1033053066
311197847
-854452162
836742945
-580396423
896106706
441228171
448387152
833515762
-987626884
-104139024
-199653572
-884076133
-627686485
820441138
189746008
-225693196
-796325584
-569753727
-541819620
-378550941
109742753
132869264
873307565
-173847158
198301188
-835771470
-400102037
802231569
-251067735
672241593
-34639752
-751317068
116815078
624477324
163266426
610428519
-328295038
405374855
-158881717
-823886942
-768197453
-887690147
543753197
718227720
-506007716
-580621254
-628975661
839176728
-707658067
653336443
-373753228
-1052590594
602317823
-96919825
-765869706
389106638
624300654
704425045
-1041633844
-930904880
-128198019
-782533813
-648385105
704889981
973307780
-421306998
-414399185
616870967
-32057077
453704417
381772308
489856955
259495035
-21761725
880652240
-452293500
133489644
-292880698
-516127074
-375343139
-651063983
910853602
800440594
558142919
708012765
-1048809072
-334233342
898602675
806507520
-454395141
573496422
-451283084
-795664375
-319630838
-76796225
-895817871
26201997
-693346464
-389138478
800135245
-114830406
-631673396
-207552183
-312852604
902428137
-601668370
-653329063
-876140852
134055939
-228485493
-198166459
754220676
882100528
521885790
263439464
-443965499
-72637099
-445967001
-322834288
300214411
-423567504
-1068995794
706266996
-624708220
515366230
-839812929
-355866769
-37657464
-42310301
-786905008
230455452
1052724933
-336702526
-427797205
-917146675
-754549107
-92902352
-444178188
-1026937596
152980885
-210654006
-57139074
-838210470
212543794
744359285
202751897
-984661670
327439479
-994878582
219741160
948638505
449375929
-439818728
-488018720
278511841
-886308924
-76237987
-992202627
-38978561
-390827657
295612672
-404606412
962227732
348011098
1060284772
259837473
-424031626
240743273
-733126948
-653002221
992303200
-346535259
821512813
-690874079
631100856
-971721685
387869918
-304867573
-541480305
553098272
-890747597
928597712
591534058
-235676314
968590905
815307942
635232155
-371111732
-284918850
-633336308
812563914
302154724
815774588
524421980
-443808608
522959364
-459983404
764836303
70695715
-1065674336
488776441
-150023689
976416652
-627280780
-173016652
-707750898
-16124169
-676464536
-944326588
-870124819
-957918932
-644626078
-906111367
-1020378280
-789981831
-742714719
-788195294
1038244435
-678240682
139201678
874738071
1070326516
-1023818284
-1035548862
235318329
1065536727
488848011
-627897981
442381262
-192653085
-79273915
-825994822
819262991
-967904576
301714765
810670344
95437562
-303998507
165160443
-594172002
-685666638
695389012
-154682308
-188053940
770733350
482759680
676427184
645592498
-724425399
1001702048
-617787692
522794369
488173606
743555633
134869815
359584728
87207688
102396218
-837923663
756733471
-502680335
837187092
938764653
-617232086
-275045173
-495417981
899605997
173901829
-715824291
833724288
-866161508
-227445945
6636589
-381024500
584641383
1015655324
221552565
476516859
-986798699
964094822
-1016141919
532075841
-705979590
-551806915
-182151365
724419365
855720303
-185485397
-502554794
984212523
-439424998
388315915
520235825
881589671
943584418
-373134224
6932590
579200608
507835712
-252519286
-601742493
-245143168
1001537998
-934085310
-755831948
916806633
-264172448
691560987
-790897950
766806710
275075225
246549151
252294669
-927841381
-763475551
359234881
667242406
-438640101
4907502
112520194
271546236
-774644795
145032733
-770456181
342791978
119299518
96645134
71265395
237164374
-49495563
-402135433
674729720
2082313
69548156
692695058
-708545663
-899522753
295851448
691255835
-918387267
730520124
694151764
3633099
610253695
308277108
872225590
1073423044
546501440
-293428499
130318490
166885977
-798731091
692212380
549271749
2889018
-1017173315
-509003507
-1019277137
955547788
775232382
-708864377
876553725
-582468140
1013395711
633508028
-109709371
-1046971488
-816989778
215058095
987781554
-120338957
876937058
-397350244
548889418
413010785
810355250
739555824
1066064643
-188711916
145140016
269621755
-843724067
309802076
88560463
-902998460
-929633961
-744810192
311006903
897373898
-463877434
139733603
664570474
-159656688
-284802000
-776553285
-176939671
710058121
546686955
935462318
-467789725
-349567370
450099573
-1045589664
-742323799
-994292238
841151164
-851388108
49291923
325177143
449413097
21668880
-645324607
691561252
-649641215
49007409
415754451
-401545727
853135938
-1063682022
-288964029
-1031586092
-897526513
-833333328
55232858
90743503
-6854762
874810284
294809808
886078364
350986024
-800930582
658787479
-890589024
744322953
-264875670
370173117
791091663
510708278
1067855492
615693014
185221081
613485539
16893798
975819842
-216970303
1044896095
728837039
-436851641
-611938345
-673828079
393492419
-603538412
599212066
-130473022
-469285895
-704140443
1069168669
-19786157
424903398
-527513943
991086693
-675398886
-551345121
468366830
736116408
-721767079
-174944877
112863905
-53800163
-419528894
211197051
-774327899
-656048864
-1054974260
574175239
-138167247
694399106
347532172
-360277315
444702384
682067473
-1021313126
-482304500
1067441427
-136916003
302651899
-1053748013
-748515080
-23457654
-103528777
594572596
-507862023
-83775305
839892383
-1004219300
210961644
-439813962
510607698
888860211
-15802019
-295015358
854051733
818118242
-809377835
-1011645883
100887461
-736221409
666170824
537709493
551214663
473646446
950483421
-395641465
-596794177
530603619
438140830
-1071893464
1050469589
-192638866
-847246789
-66866175
-450216371
-139794108
-871388291
-87419436
-70233662
-340843277
-847339997
-931905128
540316715
-781202818
-1057654261
415679631
746857973
-138073001
-14563973
9059055
-448106758
-245667231
-522008817
-784742091
927391494
-579922968
-257585016
147229701
-678291782
-623688873
826745192
-150350968
-551901410
-351371808
-226918814
1043301214
-408575832
12283170
-464908913
-18026702
-99439482
-791162265
944370378
385315530
16229374
311317448
-932196094
463797492
-288403163
1065466505
-329382188
1017396730
-322966344
115125063
-921951647
-822279559
-705893929
819360656
425821407
-164944868
-53829814
236004707
474841181
-166395992
-1055158216
-925206877
-481218515
-919674027
-521796199
1009071216
265670270
-716073064
-678859459
829646213
160834561
492262106
-477240353
-954804353
413615478
336772381
-361260136
-1072095778
-540725236
-408401223
-147120509
868460564
-1001180117
142468174
796485519
818981928
-79201025
-797320888
-756489171
895935694
619533875
104014899
901504373
-1013235491
-567271562
49613907
599956703
-559127221
-527908043
605776541
1018211304
201869213
580235122
-247178964
836206360
16630043
-920985813
528672699
383310246
-1059554973
-907988495
977039783
-612967103
-936364697
129599160
-114204117
275773349
-821903180
980924269
81144563
-628061050
721598515
813297489
665242932
883406040
-831550017
561798049
-248318961
891798613
916158592
859242589
1016353005
202092853
764020199
72761268
657882657
416634308
-922526234
-56857566
-896237616
-241024928
395885409
513450837
471438522
704895624
-975596566
786432016
52877592
789737390
799198782
897130996
-924150342
-621988942
178061114
121618419
-6663049
319401411
-21700598
-322249821
816258635
-680990852
-820941287
-430453955
-128670803
151900551
709293811
468447959
148312908
-572731385
688970435
560778999
1040909435
956430411
-116051930
453863931
334472707
-239502154
-634688219
-283707544
126903754
-458067538
975238021
-544112070
209432716
-1023991918
912985894
-720324383
-100491341
-920571594
-745318861
853692936
-354932284
584470861
908360616
794020402
-406015848
160439247
35841356
202088204
-588724106
897434631
-582420616
548381692
146618927
786435141
-761089015
871495800
-827553937
-284003741
686096072
828223457
-335088895
-567408474
68057844
1023130526
-41936465
-747030062
240914856
-1025466020
728337197
-199073799
741001360
777995525
-224896309
-839117876
-68727569
-1055788195
-584036243
-2137054
187641915
-63036851
-417169405
1057388079
-658747218
